Red Huffman Tree

(Color, Frequency, Huffman Representation, Total Bits)

( 6, 20, 01011011110000011, 17 * 20 )
( 7, 100, 010110111100001, 15 * 100 )
( 8, 248, 00111000010010, 14 * 248 )
( 9, 644, 110011110000, 12 * 644 )
( 10, 1112, 000000111001, 12 * 1112 )
( 11, 1680, 01000111010, 11 * 1680 )
( 12, 2072, 00011011100, 11 * 2072 )
( 13, 2512, 1100100101, 10 * 2512 )
( 14, 3392, 0100011100, 10 * 3392 )
( 15, 4128, 0001101100, 10 * 4128 )
( 16, 4572, 110111100, 9 * 4572 )
( 17, 4896, 110011111, 9 * 4896 )
( 18, 4464, 111111011, 9 * 4464 )
( 19, 4416, 0000001111, 10 * 4416 )
( 20, 4512, 111111010, 9 * 4512 )
( 21, 4352, 0000100110, 10 * 4352 )
( 22, 4360, 0000100101, 10 * 4360 )
( 23, 4704, 110101110, 9 * 4704 )
( 24, 4372, 0000100100, 10 * 4372 )
( 25, 4320, 0000100111, 10 * 4320 )
( 26, 4416, 0000100010, 10 * 4416 )
( 27, 4032, 0010001011, 10 * 4032 )
( 28, 3928, 0011100000, 10 * 3928 )
( 29, 4120, 0001101101, 10 * 4120 )
( 30, 4880, 110101010, 9 * 4880 )
( 31, 6348, 010110110, 9 * 6348 )
( 32, 7624, 001110010, 9 * 7624 )
( 33, 8960, 000000110, 9 * 8960 )
( 34, 9916, 11001011, 8 * 9916 )
( 35, 10476, 11001000, 8 * 10476 )
( 36, 9884, 11001110, 8 * 9884 )
( 37, 8840, 000010000, 9 * 8840 )
( 38, 7436, 001110011, 9 * 7436 )
( 39, 6492, 010110100, 9 * 6492 )
( 40, 5400, 101000101, 9 * 5400 )
( 41, 4996, 110010100, 9 * 4996 )
( 42, 4312, 0000111010, 10 * 4312 )
( 43, 3664, 0011111010, 10 * 3664 )
( 44, 3260, 0101101010, 10 * 3260 )
( 45, 2904, 0111110011, 10 * 2904 )
( 46, 2488, 1100101010, 10 * 2488 )
( 47, 2208, 00001000110, 11 * 2208 )
( 48, 2000, 00011011101, 11 * 2000 )
( 49, 1648, 01000111111, 11 * 1648 )
( 50, 1728, 01000110110, 11 * 1728 )
( 51, 1660, 01000111110, 11 * 1660 )
( 52, 1520, 01011011111, 11 * 1520 )
( 53, 1632, 01011010110, 11 * 1632 )
( 54, 1488, 01111100100, 11 * 1488 )
( 55, 1360, 10100001110, 11 * 1360 )
( 56, 1332, 10100111010, 11 * 1332 )
( 57, 1252, 11001001001, 11 * 1252 )
( 58, 1192, 11010110010, 11 * 1192 )
( 59, 1204, 11010110001, 11 * 1204 )
( 60, 1148, 11011101110, 11 * 1148 )
( 61, 1152, 11011101101, 11 * 1152 )
( 62, 1012, 000011111101, 12 * 1012 )
( 63, 1168, 11011101100, 11 * 1168 )
( 64, 1108, 000000111010, 12 * 1108 )
( 65, 1096, 000011111100, 12 * 1096 )
( 66, 1104, 000000111011, 12 * 1104 )
( 67, 1332, 10100001111, 11 * 1332 )
( 68, 1216, 11010110000, 11 * 1216 )
( 69, 1236, 11001111001, 11 * 1236 )
( 70, 1448, 10000100000, 11 * 1448 )
( 71, 1464, 01111100101, 11 * 1464 )
( 72, 1448, 10000100001, 11 * 1448 )
( 73, 1696, 01000110111, 11 * 1696 )
( 74, 1864, 00111000011, 11 * 1864 )
( 75, 1824, 00111110111, 11 * 1824 )
( 76, 2280, 1111110000, 10 * 2280 )
( 77, 2484, 1100101011, 10 * 2484 )
( 78, 2640, 1010011100, 10 * 2640 )
( 79, 3056, 0111001100, 10 * 3056 )
( 80, 3336, 0100011110, 10 * 3336 )
( 81, 3824, 0011100011, 10 * 3824 )
( 82, 4188, 0000111110, 10 * 4188 )
( 83, 4236, 0000111011, 10 * 4236 )
( 84, 4648, 110111010, 9 * 4648 )
( 85, 4688, 110111000, 9 * 4688 )
( 86, 4812, 110101011, 9 * 4812 )
( 87, 5276, 101001111, 9 * 5276 )
( 88, 5664, 100001010, 9 * 5664 )
( 89, 5600, 100001011, 9 * 5600 )
( 90, 5592, 100001100, 9 * 5592 )
( 91, 5968, 011111000, 9 * 5968 )
( 92, 5452, 101000010, 9 * 5452 )
( 93, 6000, 011100111, 9 * 6000 )
( 94, 5696, 100001001, 9 * 5696 )
( 95, 5568, 100001101, 9 * 5568 )
( 96, 5280, 101000111, 9 * 5280 )
( 97, 5488, 100001111, 9 * 5488 )
( 98, 5424, 101000100, 9 * 5424 )
( 99, 4996, 110010011, 9 * 4996 )
( 100, 4704, 110101111, 9 * 4704 )
( 101, 4564, 110111101, 9 * 4564 )
( 102, 4540, 111111001, 9 * 4540 )
( 103, 4048, 0001101111, 10 * 4048 )
( 104, 3840, 0011100010, 10 * 3840 )
( 105, 3604, 0100011000, 10 * 3604 )
( 106, 3296, 0101100011, 10 * 3296 )
( 107, 3032, 0111001101, 10 * 3032 )
( 108, 2424, 1100111101, 10 * 2424 )
( 109, 2176, 00001000111, 11 * 2176 )
( 110, 1760, 01000110011, 11 * 1760 )
( 111, 1380, 10100001100, 11 * 1380 )
( 112, 1148, 11011101111, 11 * 1148 )
( 113, 932, 001111101100, 12 * 932 )
( 114, 680, 101000011011, 12 * 680 )
( 115, 428, 0100011101100, 13 * 428 )
( 116, 416, 0100011101110, 13 * 416 )
( 117, 348, 1010000110100, 13 * 348 )
( 118, 280, 00000011100010, 14 * 280 )
( 119, 240, 00111110110100, 14 * 240 )
( 120, 244, 00111000010011, 14 * 244 )
( 121, 160, 10100111011111, 14 * 160 )
( 122, 164, 10100111011110, 14 * 164 )
( 123, 112, 001111101101100, 15 * 112 )
( 124, 132, 001110000100010, 15 * 132 )
( 125, 152, 000000111000000, 15 * 152 )
( 126, 144, 000000111000001, 15 * 144 )
( 127, 164, 10100111011010, 14 * 164 )
( 128, 164, 10100111011011, 14 * 164 )
( 129, 200, 01011011110001, 14 * 200 )
( 130, 188, 01011011110010, 14 * 188 )
( 131, 180, 10100001101010, 14 * 180 )
( 132, 224, 00111110110101, 14 * 224 )
( 133, 272, 00000011100011, 14 * 272 )
( 134, 184, 01011011110011, 14 * 184 )
( 135, 292, 00000011100001, 14 * 292 )
( 136, 264, 00111000010000, 14 * 264 )
( 137, 324, 1010011101110, 13 * 324 )
( 138, 328, 1010011101100, 13 * 328 )
( 139, 408, 0100011101111, 13 * 408 )
( 140, 600, 110011110001, 12 * 600 )
( 141, 764, 010110111101, 12 * 764 )
( 142, 976, 001110000101, 12 * 976 )
( 143, 1296, 11001001000, 11 * 1296 )
( 144, 1580, 01011010111, 11 * 1580 )
( 145, 1776, 01000110010, 11 * 1776 )
( 146, 2076, 00001111111, 11 * 2076 )
( 147, 2272, 1111110001, 10 * 2272 )
( 148, 2868, 1000010001, 10 * 2868 )
( 149, 3104, 0101101110, 10 * 3104 )
( 150, 3308, 0101100010, 10 * 3308 )
( 151, 3508, 0100011010, 10 * 3508 )
( 152, 4036, 0010001010, 10 * 4036 )
( 153, 4196, 0000111101, 10 * 4196 )
( 154, 4792, 110101101, 9 * 4792 )
( 155, 4664, 110111001, 9 * 4664 )
( 156, 5316, 101000110, 9 * 5316 )
( 157, 5544, 100001110, 9 * 5544 )
( 158, 6608, 010110000, 9 * 6608 )
( 159, 7320, 001111100, 9 * 7320 )
( 160, 8084, 001000100, 9 * 8084 )
( 161, 8612, 000011100, 9 * 8612 )
( 162, 9108, 11011111, 8 * 9108 )
( 163, 9716, 11010100, 8 * 9716 )
( 164, 10552, 10100110, 8 * 10552 )
( 165, 11556, 01111101, 8 * 11556 )
( 166, 12500, 01110010, 8 * 12500 )
( 167, 13196, 01011001, 8 * 13196 )
( 168, 14396, 00111111, 8 * 14396 )
( 169, 15756, 00100011, 8 * 15756 )
( 170, 16688, 00011010, 8 * 16688 )
( 171, 18028, 1111111, 7 * 18028 )
( 172, 19856, 1100110, 7 * 19856 )
( 173, 21120, 1010010, 7 * 21120 )
( 174, 22732, 0111111, 7 * 22732 )
( 175, 24048, 0111011, 7 * 24048 )
( 176, 24560, 0111010, 7 * 24560 )
( 177, 24860, 0111000, 7 * 24860 )
( 178, 26996, 0101001, 7 * 26996 )
( 179, 26656, 0101011, 7 * 26656 )
( 180, 27204, 0101000, 7 * 27204 )
( 181, 26804, 0101010, 7 * 26804 )
( 182, 29124, 0011110, 7 * 29124 )
( 183, 29800, 0011101, 7 * 29800 )
( 184, 30888, 0010100, 7 * 30888 )
( 185, 30680, 0010101, 7 * 30680 )
( 186, 32424, 0010000, 7 * 32424 )
( 187, 33308, 0001100, 7 * 33308 )
( 188, 34156, 0000110, 7 * 34156 )
( 189, 34528, 0000101, 7 * 34528 )
( 190, 36068, 0000000, 7 * 36068 )
( 191, 36748, 111110, 6 * 36748 )
( 192, 37540, 110110, 6 * 37540 )
( 193, 39296, 110100, 6 * 39296 )
( 194, 41892, 101010, 6 * 41892 )
( 195, 45228, 100000, 6 * 45228 )
( 196, 47820, 011110, 6 * 47820 )
( 197, 51580, 010111, 6 * 51580 )
( 198, 56024, 010000, 6 * 56024 )
( 199, 60660, 001011, 6 * 60660 )
( 200, 65220, 000111, 6 * 65220 )
( 201, 69696, 000001, 6 * 69696 )
( 202, 73808, 11110, 5 * 73808 )
( 203, 80516, 11000, 5 * 80516 )
( 204, 89040, 10001, 5 * 89040 )
( 205, 98236, 01101, 5 * 98236 )
( 206, 108440, 01001, 5 * 108440 )
( 207, 119276, 00110, 5 * 119276 )
( 208, 135028, 00010, 5 * 135028 )
( 209, 161904, 1011, 4 * 161904 )
( 210, 170120, 1001, 4 * 170120 )
( 211, 148112, 1110, 4 * 148112 )
( 212, 103148, 01100, 5 * 103148 )
( 213, 63608, 001001, 6 * 63608 )
( 214, 41624, 101011, 6 * 41624 )
( 215, 27972, 0100010, 7 * 27972 )
( 216, 17940, 00000010, 8 * 17940 )
( 217, 10984, 10100000, 8 * 10984 )
( 218, 4224, 0000111100, 10 * 4224 )
( 219, 1192, 11010110011, 11 * 1192 )
( 220, 424, 0100011101101, 13 * 424 )
( 221, 212, 00111110110111, 14 * 212 )
( 222, 168, 10100001101011, 14 * 168 )
( 223, 120, 001110000100011, 15 * 120 )
( 224, 108, 001111101101101, 15 * 108 )
( 225, 36, 01011011110000000, 17 * 36 )
( 226, 24, 01011011110000010, 17 * 24 )
( 227, 12, 010110111100000010, 18 * 12 )
( 228, 12, 010110111100000011, 18 * 12 )

With total of 2461173.5 bytes

Green Huffman Tree

(Color, Frequency, Huffman Representation, Total Bits)

( 0, 52, 0110111101000001, 16 * 52 )
( 1, 116, 0110111101000000, 16 * 116 )
( 2, 128, 011011110100001, 15 * 128 )
( 3, 324, 0110111101001, 13 * 324 )
( 4, 768, 011011110101, 12 * 768 )
( 5, 1732, 01000111011, 11 * 1732 )
( 6, 2660, 1001101110, 10 * 2660 )
( 7, 3408, 0101100010, 10 * 3408 )
( 8, 4284, 0001000010, 10 * 4284 )
( 9, 5372, 100101101, 9 * 5372 )
( 10, 6336, 011100001, 9 * 6336 )
( 11, 6788, 010111000, 9 * 6788 )
( 12, 6408, 011011111, 9 * 6408 )
( 13, 7152, 010001100, 9 * 7152 )
( 14, 7076, 010001111, 9 * 7076 )
( 15, 6392, 011100000, 9 * 6392 )
( 16, 5324, 100110100, 9 * 5324 )
( 17, 4436, 111011110, 9 * 4436 )
( 18, 3976, 0010010100, 10 * 3976 )
( 19, 3484, 0100110101, 10 * 3484 )
( 20, 3292, 0110111100, 10 * 3292 )
( 21, 3300, 0101110011, 10 * 3300 )
( 22, 3932, 0010010110, 10 * 3932 )
( 23, 4816, 101111011, 9 * 4816 )
( 24, 6664, 011010000, 9 * 6664 )
( 25, 9028, 11011101, 8 * 9028 )
( 26, 10976, 10010001, 8 * 10976 )
( 27, 11848, 10000011, 8 * 11848 )
( 28, 11424, 10001101, 8 * 11424 )
( 29, 9780, 10111100, 8 * 9780 )
( 30, 7744, 001011001, 9 * 7744 )
( 31, 6592, 011011000, 9 * 6592 )
( 32, 5184, 101010100, 9 * 5184 )
( 33, 4624, 110101101, 9 * 4624 )
( 34, 3804, 0010110110, 10 * 3804 )
( 35, 3368, 0101110010, 10 * 3368 )
( 36, 2852, 1001000001, 10 * 2852 )
( 37, 2460, 1010101111, 10 * 2460 )
( 38, 2276, 1110010100, 10 * 2276 )
( 39, 1804, 01000111010, 11 * 1804 )
( 40, 1856, 00111100010, 11 * 1856 )
( 41, 1732, 01011000110, 11 * 1732 )
( 42, 1832, 00111100011, 11 * 1832 )
( 43, 1648, 01011000111, 11 * 1648 )
( 44, 1480, 01111001111, 11 * 1480 )
( 45, 1492, 01111001110, 11 * 1492 )
( 46, 1172, 11001011110, 11 * 1172 )
( 47, 1204, 10101011011, 11 * 1204 )
( 48, 1084, 11100101011, 11 * 1084 )
( 49, 1260, 10101011010, 11 * 1260 )
( 50, 1280, 10011011111, 11 * 1280 )
( 51, 1068, 000100001100, 12 * 1068 )
( 52, 1176, 11001011101, 11 * 1176 )
( 53, 1044, 000100001101, 12 * 1044 )
( 54, 1152, 11100101010, 11 * 1152 )
( 55, 1168, 11001011111, 11 * 1168 )
( 56, 1184, 11001011100, 11 * 1184 )
( 57, 1324, 10010110011, 11 * 1324 )
( 58, 1288, 10011011110, 11 * 1288 )
( 59, 1444, 10010000000, 11 * 1444 )
( 60, 1408, 10010110010, 11 * 1408 )
( 61, 1444, 10010000001, 11 * 1444 )
( 62, 1560, 01101111011, 11 * 1560 )
( 63, 1932, 00101101110, 11 * 1932 )
( 64, 1868, 00101101111, 11 * 1868 )
( 65, 2072, 00010000111, 11 * 2072 )
( 66, 2460, 1010101110, 10 * 2460 )
( 67, 2788, 1001011000, 10 * 2788 )
( 68, 3036, 0111100110, 10 * 3036 )
( 69, 3752, 0011110000, 10 * 3752 )
( 70, 4172, 0001001000, 10 * 4172 )
( 71, 4784, 110010110, 9 * 4784 )
( 72, 5144, 101010101, 9 * 5144 )
( 73, 5880, 100011000, 9 * 5880 )
( 74, 6620, 011010001, 9 * 6620 )
( 75, 7156, 001111111, 9 * 7156 )
( 76, 7780, 001011000, 9 * 7780 )
( 77, 8452, 000100011, 9 * 8452 )
( 78, 8216, 000100101, 9 * 8216 )
( 79, 9000, 11100100, 8 * 9000 )
( 80, 9228, 11011000, 8 * 9228 )
( 81, 9092, 11011100, 8 * 9092 )
( 82, 9236, 11010111, 8 * 9236 )
( 83, 9160, 11011001, 8 * 9160 )
( 84, 8464, 000100010, 9 * 8464 )
( 85, 7676, 001011010, 9 * 7676 )
( 86, 7288, 001111110, 9 * 7288 )
( 87, 7400, 001111001, 9 * 7400 )
( 88, 6980, 010011011, 9 * 6980 )
( 89, 6828, 010110000, 9 * 6828 )
( 90, 6452, 011011001, 9 * 6452 )
( 91, 6148, 011110010, 9 * 6148 )
( 92, 5588, 100100001, 9 * 5588 )
( 93, 5280, 100110110, 9 * 5280 )
( 94, 4880, 101111010, 9 * 4880 )
( 95, 4648, 110101100, 9 * 4648 )
( 96, 4324, 111011111, 9 * 4324 )
( 97, 4136, 0001001001, 10 * 4136 )
( 98, 3948, 0010010101, 10 * 3948 )
( 99, 3512, 0100110100, 10 * 3512 )
( 100, 3552, 0100011100, 10 * 3552 )
( 101, 3892, 0010010111, 10 * 3892 )
( 102, 4456, 111001011, 9 * 4456 )
( 103, 5300, 100110101, 9 * 5300 )
( 104, 5816, 100011001, 9 * 5816 )
( 105, 7148, 010001101, 9 * 7148 )
( 106, 8552, 000100000, 9 * 8552 )
( 107, 9528, 11001010, 8 * 9528 )
( 108, 10880, 10010111, 8 * 10880 )
( 109, 12032, 10000010, 8 * 12032 )
( 110, 12696, 01111000, 8 * 12696 )
( 111, 12908, 01101101, 8 * 12908 )
( 112, 13220, 01101001, 8 * 13220 )
( 113, 12716, 01110001, 8 * 12716 )
( 114, 12884, 01101110, 8 * 12884 )
( 115, 13812, 01010101, 8 * 13812 )
( 116, 14704, 00111110, 8 * 14704 )
( 117, 16356, 00010011, 8 * 16356 )
( 118, 17900, 1110101, 7 * 17900 )
( 119, 19124, 1100100, 7 * 19124 )
( 120, 20432, 1010100, 7 * 20432 )
( 121, 21768, 1001100, 7 * 21768 )
( 122, 21784, 1001010, 7 * 21784 )
( 123, 20832, 1010010, 7 * 20832 )
( 124, 21100, 1010000, 7 * 21100 )
( 125, 21860, 1001001, 7 * 21860 )
( 126, 22868, 1000111, 7 * 22868 )
( 127, 23600, 1000011, 7 * 23600 )
( 128, 24124, 0111101, 7 * 24124 )
( 129, 25072, 0111001, 7 * 25072 )
( 130, 26576, 0110011, 7 * 26576 )
( 131, 27572, 0101011, 7 * 27572 )
( 132, 29032, 0100010, 7 * 29032 )
( 133, 30052, 0011011, 7 * 30052 )
( 134, 30488, 0010111, 7 * 30488 )
( 135, 30144, 0011001, 7 * 30144 )
( 136, 31756, 0010011, 7 * 31756 )
( 137, 32664, 0001100, 7 * 32664 )
( 138, 32656, 0001101, 7 * 32656 )
( 139, 34056, 0000011, 7 * 34056 )
( 140, 34908, 111110, 6 * 34908 )
( 141, 37896, 110011, 6 * 37896 )
( 142, 35944, 111000, 6 * 35944 )
( 143, 34328, 0000010, 7 * 34328 )
( 144, 34420, 111111, 6 * 34420 )
( 145, 32460, 0001110, 7 * 32460 )
( 146, 30288, 0011000, 7 * 30288 )
( 147, 26764, 0101111, 7 * 26764 )
( 148, 23940, 1000000, 7 * 23940 )
( 149, 20860, 1010001, 7 * 20860 )
( 150, 19424, 1011111, 7 * 19424 )
( 151, 19540, 1011011, 7 * 19540 )
( 152, 17980, 1101111, 7 * 17980 )
( 153, 16052, 00011111, 8 * 16052 )
( 154, 13892, 01001110, 8 * 13892 )
( 155, 13880, 01001111, 8 * 13880 )
( 156, 13312, 01100101, 8 * 13312 )
( 157, 13436, 01011101, 8 * 13436 )
( 158, 13856, 01010100, 8 * 13856 )
( 159, 13320, 01100100, 8 * 13320 )
( 160, 13532, 01011001, 8 * 13532 )
( 161, 13980, 01001100, 8 * 13980 )
( 162, 14740, 00111101, 8 * 14740 )
( 163, 16020, 00100100, 8 * 16020 )
( 164, 17896, 1110110, 7 * 17896 )
( 165, 18664, 1101000, 7 * 18664 )
( 166, 20008, 1011000, 7 * 20008 )
( 167, 19636, 1011010, 7 * 19636 )
( 168, 19372, 1100000, 7 * 19372 )
( 169, 19220, 1100010, 7 * 19220 )
( 170, 19748, 1011001, 7 * 19748 )
( 171, 19336, 1100001, 7 * 19336 )
( 172, 19132, 1100011, 7 * 19132 )
( 173, 17932, 1110011, 7 * 17932 )
( 174, 18572, 1101010, 7 * 18572 )
( 175, 17916, 1110100, 7 * 17916 )
( 176, 17548, 1111011, 7 * 17548 )
( 177, 17560, 1111010, 7 * 17560 )
( 178, 18272, 1101101, 7 * 18272 )
( 179, 20748, 1010011, 7 * 20748 )
( 180, 23732, 1000010, 7 * 23732 )
( 181, 26904, 0101101, 7 * 26904 )
( 182, 30124, 0011010, 7 * 30124 )
( 183, 35424, 111100, 6 * 35424 )
( 184, 39760, 101011, 6 * 39760 )
( 185, 42460, 100111, 6 * 42460 )
( 186, 47088, 100010, 6 * 47088 )
( 187, 49248, 011101, 6 * 49248 )
( 188, 53652, 011000, 6 * 53652 )
( 189, 55452, 010100, 6 * 55452 )
( 190, 56692, 010010, 6 * 56692 )
( 191, 59788, 001110, 6 * 59788 )
( 192, 61908, 001010, 6 * 61908 )
( 193, 65884, 000101, 6 * 65884 )
( 194, 67708, 000010, 6 * 67708 )
( 195, 69140, 000000, 6 * 69140 )
( 196, 67460, 000011, 6 * 67460 )
( 197, 64028, 001000, 6 * 64028 )
( 198, 57800, 010000, 6 * 57800 )
( 199, 48684, 011111, 6 * 48684 )
( 200, 38988, 101110, 6 * 38988 )
( 201, 26424, 0110101, 7 * 26424 )
( 202, 18640, 1101001, 7 * 18640 )
( 203, 16276, 00011110, 8 * 16276 )
( 204, 8860, 11101110, 8 * 8860 )
( 205, 2504, 1010101100, 10 * 2504 )
( 206, 192, 01101111010001, 14 * 192 )

With total of 2781364.5 bytes

Blue Huffman Tree

(Color, Frequency, Huffman Representation, Total Bits)

( 0, 332, 0010010111111, 13 * 332 )
( 1, 184, 001001011111010, 15 * 184 )
( 2, 272, 00100101111100, 14 * 272 )
( 3, 708, 100101100010, 12 * 708 )
( 4, 1312, 10100100110, 11 * 1312 )
( 5, 2220, 1110110011, 10 * 2220 )
( 6, 3352, 0101010111, 10 * 3352 )
( 7, 3988, 0010010110, 10 * 3988 )
( 8, 4840, 101111101, 9 * 4840 )
( 9, 6020, 011110100, 9 * 6020 )
( 10, 6776, 010101110, 9 * 6776 )
( 11, 7900, 001010100, 9 * 7900 )
( 12, 7780, 001010110, 9 * 7780 )
( 13, 7464, 001110011, 9 * 7464 )
( 14, 6256, 011011011, 9 * 6256 )
( 15, 5628, 100011111, 9 * 5628 )
( 16, 4436, 111110000, 9 * 4436 )
( 17, 4212, 0001010000, 10 * 4212 )
( 18, 3836, 0011100100, 10 * 3836 )
( 19, 3756, 0011100101, 10 * 3756 )
( 20, 4188, 0001010011, 10 * 4188 )
( 21, 4996, 101110100, 9 * 4996 )
( 22, 6492, 011011000, 9 * 6492 )
( 23, 8256, 000101011, 9 * 8256 )
( 24, 10180, 10101110, 8 * 10180 )
( 25, 11536, 10001010, 8 * 11536 )
( 26, 11444, 10001110, 8 * 11444 )
( 27, 10420, 10101000, 8 * 10420 )
( 28, 8636, 000001010, 9 * 8636 )
( 29, 7356, 010000101, 9 * 7356 )
( 30, 5980, 011110101, 9 * 5980 )
( 31, 4924, 101110101, 9 * 4924 )
( 32, 4192, 0001010010, 10 * 4192 )
( 33, 3304, 0110000001, 10 * 3304 )
( 34, 2976, 0110110011, 10 * 2976 )
( 35, 2568, 1010110010, 10 * 2568 )
( 36, 2396, 1100101000, 10 * 2396 )
( 37, 2112, 00010100010, 11 * 2112 )
( 38, 2092, 00010100011, 11 * 2092 )
( 39, 1844, 01000010010, 11 * 1844 )
( 40, 1652, 01101100100, 11 * 1652 )
( 41, 1776, 01010101100, 11 * 1776 )
( 42, 1660, 01100000001, 11 * 1660 )
( 43, 1648, 01101100101, 11 * 1648 )
( 44, 1484, 10000000101, 11 * 1484 )
( 45, 1424, 10000000111, 11 * 1424 )
( 46, 1480, 10000000110, 11 * 1480 )
( 47, 1340, 10100100101, 11 * 1340 )
( 48, 1140, 001001011110, 12 * 1140 )
( 49, 1304, 10100100111, 11 * 1304 )
( 50, 1340, 10100100100, 11 * 1340 )
( 51, 1400, 10010110000, 11 * 1400 )
( 52, 1488, 10000000100, 11 * 1488 )
( 53, 1676, 01100000000, 11 * 1676 )
( 54, 1680, 01010101101, 11 * 1680 )
( 55, 1788, 01000010011, 11 * 1788 )
( 56, 1976, 00100101110, 11 * 1976 )
( 57, 2280, 1110110010, 10 * 2280 )
( 58, 2504, 1010110011, 10 * 2504 )
( 59, 2736, 1001011001, 10 * 2736 )
( 60, 3724, 0100001000, 10 * 3724 )
( 61, 4252, 111110001, 9 * 4252 )
( 62, 4768, 101111111, 9 * 4768 )
( 63, 5192, 101011000, 9 * 5192 )
( 64, 5748, 100010110, 9 * 5748 )
( 65, 6188, 011101010, 9 * 6188 )
( 66, 7800, 001010101, 9 * 7800 )
( 67, 8676, 11111001, 8 * 8676 )
( 68, 9504, 11000001, 8 * 9504 )
( 69, 10220, 10101101, 8 * 10220 )
( 70, 11132, 10010100, 8 * 11132 )
( 71, 11712, 10000001, 8 * 11712 )
( 72, 11676, 10000010, 8 * 11676 )
( 73, 12400, 01110100, 8 * 12400 )
( 74, 13088, 01100001, 8 * 13088 )
( 75, 13292, 01011011, 8 * 13292 )
( 76, 13612, 01010110, 8 * 13612 )
( 77, 14372, 01000111, 8 * 14372 )
( 78, 13904, 01010000, 8 * 13904 )
( 79, 14704, 01000011, 8 * 14704 )
( 80, 15276, 00111000, 8 * 15276 )
( 81, 16140, 00100011, 8 * 16140 )
( 82, 16228, 00100001, 8 * 16228 )
( 83, 17188, 00000100, 8 * 17188 )
( 84, 17400, 1110111, 7 * 17400 )
( 85, 18152, 1110001, 7 * 18152 )
( 86, 18224, 1101110, 7 * 18224 )
( 87, 18772, 1100010, 7 * 18772 )
( 88, 18408, 1101011, 7 * 18408 )
( 89, 19436, 1011110, 7 * 19436 )
( 90, 19800, 1011100, 7 * 19800 )
( 91, 19892, 1011011, 7 * 19892 )
( 92, 20904, 1010011, 7 * 20904 )
( 93, 21540, 1001110, 7 * 21540 )
( 94, 21720, 1001100, 7 * 21720 )
( 95, 22896, 1000110, 7 * 22896 )
( 96, 24440, 0111011, 7 * 24440 )
( 97, 25212, 0111000, 7 * 25212 )
( 98, 27536, 0101001, 7 * 27536 )
( 99, 29604, 0100000, 7 * 29604 )
( 100, 29892, 0011110, 7 * 29892 )
( 101, 31592, 0010011, 7 * 31592 )
( 102, 32636, 0001111, 7 * 32636 )
( 103, 34528, 111111, 6 * 34528 )
( 104, 34024, 0000101, 7 * 34024 )
( 105, 33764, 0001000, 7 * 33764 )
( 106, 34128, 0000100, 7 * 34128 )
( 107, 33112, 0001100, 7 * 33112 )
( 108, 33348, 0001011, 7 * 33348 )
( 109, 33760, 0001001, 7 * 33760 )
( 110, 34216, 0000011, 7 * 34216 )
( 111, 32968, 0001101, 7 * 32968 )
( 112, 31412, 0010100, 7 * 31412 )
( 113, 29368, 0100010, 7 * 29368 )
( 114, 26172, 0110001, 7 * 26172 )
( 115, 20796, 1010101, 7 * 20796 )
( 116, 17272, 1111101, 7 * 17272 )
( 117, 13428, 01011010, 8 * 13428 )
( 118, 10484, 10100101, 8 * 10484 )
( 119, 8696, 11101101, 8 * 8696 )
( 120, 7344, 010001100, 9 * 7344 )
( 121, 6712, 010101111, 9 * 6712 )
( 122, 5972, 100000000, 9 * 5972 )
( 123, 5480, 100101011, 9 * 5480 )
( 124, 4868, 101111100, 9 * 4868 )
( 125, 4680, 110010101, 9 * 4680 )
( 126, 4520, 111011000, 9 * 4520 )
( 127, 4792, 101111110, 9 * 4792 )
( 128, 5392, 100111101, 9 * 5392 )
( 129, 5568, 100101010, 9 * 5568 )
( 130, 5652, 100011110, 9 * 5652 )
( 131, 5472, 100101101, 9 * 5472 )
( 132, 5396, 100111100, 9 * 5396 )
( 133, 5704, 100010111, 9 * 5704 )
( 134, 6260, 011011010, 9 * 6260 )
( 135, 6144, 011101011, 9 * 6144 )
( 136, 6516, 011000001, 9 * 6516 )
( 137, 6840, 010101010, 9 * 6840 )
( 138, 7028, 010001101, 9 * 7028 )
( 139, 7600, 001010111, 9 * 7600 )
( 140, 8112, 001000001, 9 * 8112 )
( 141, 8456, 000001011, 9 * 8456 )
( 142, 8348, 000101010, 9 * 8348 )
( 143, 7948, 001001010, 9 * 7948 )
( 144, 7980, 001001001, 9 * 7980 )
( 145, 8096, 001001000, 9 * 8096 )
( 146, 8196, 001000000, 9 * 8196 )
( 147, 9156, 11001011, 8 * 9156 )
( 148, 9544, 11000000, 8 * 9544 )
( 149, 9836, 10111011, 8 * 9836 )
( 150, 10396, 10101001, 8 * 10396 )
( 151, 10104, 10101111, 8 * 10104 )
( 152, 10840, 10010111, 8 * 10840 )
( 153, 10716, 10011111, 8 * 10716 )
( 154, 11952, 01111011, 8 * 11952 )
( 155, 12188, 01111000, 8 * 12188 )
( 156, 11616, 10000011, 8 * 11616 )
( 157, 12148, 01111001, 8 * 12148 )
( 158, 13664, 01010100, 8 * 13664 )
( 159, 13880, 01010001, 8 * 13880 )
( 160, 14928, 00111011, 8 * 14928 )
( 161, 16208, 00100010, 8 * 16208 )
( 162, 18356, 1101101, 7 * 18356 )
( 163, 18512, 1100110, 7 * 18512 )
( 164, 18980, 1100001, 7 * 18980 )
( 165, 18664, 1100100, 7 * 18664 )
( 166, 18476, 1101000, 7 * 18476 )
( 167, 18416, 1101010, 7 * 18416 )
( 168, 18452, 1101001, 7 * 18452 )
( 169, 18160, 1110000, 7 * 18160 )
( 170, 18188, 1101111, 7 * 18188 )
( 171, 18356, 1101100, 7 * 18356 )
( 172, 18496, 1100111, 7 * 18496 )
( 173, 18688, 1100011, 7 * 18688 )
( 174, 19948, 1011010, 7 * 19948 )
( 175, 21712, 1001101, 7 * 21712 )
( 176, 23048, 1000100, 7 * 23048 )
( 177, 25012, 0111001, 7 * 25012 )
( 178, 26864, 0101100, 7 * 26864 )
( 179, 29664, 0011111, 7 * 29664 )
( 180, 32752, 0001110, 7 * 32752 )
( 181, 35372, 111010, 6 * 35372 )
( 182, 39868, 101100, 6 * 39868 )
( 183, 44004, 100100, 6 * 44004 )
( 184, 48144, 011111, 6 * 48144 )
( 185, 50852, 011010, 6 * 50852 )
( 186, 53196, 010111, 6 * 53196 )
( 187, 55692, 010011, 6 * 55692 )
( 188, 58096, 010010, 6 * 58096 )
( 189, 61004, 001101, 6 * 61004 )
( 190, 61928, 001011, 6 * 61928 )
( 191, 67660, 000011, 6 * 67660 )
( 192, 70052, 11110, 5 * 70052 )
( 193, 68536, 000000, 6 * 68536 )
( 194, 61648, 001100, 6 * 61648 )
( 195, 51948, 011001, 6 * 51948 )
( 196, 46748, 100001, 6 * 46748 )
( 197, 42204, 101000, 6 * 42204 )
( 198, 35908, 111001, 6 * 35908 )
( 199, 25232, 0110111, 7 * 25232 )
( 200, 14980, 00111010, 8 * 14980 )
( 201, 5388, 101001000, 9 * 5388 )
( 202, 2348, 1100101001, 10 * 2348 )
( 203, 636, 100101100011, 12 * 636 )
( 204, 20, 001001011111011, 15 * 20 )

With total of 2800252.5 bytes

Total memory after compression is 2461173.5 + 2800252.5 + 2781364.5 = 8042790.5 bytes
Compression ratio is 85.2244748009576%
------------------------- End of logs ----------------------------
