Red Huffman Tree

(Color, Frequency, Huffman Representation, Total Bits)

( 0, 20325, 000101100, 9 * 20325 )
( 1, 39060, 00101010, 8 * 39060 )
( 2, 37470, 01001101, 8 * 37470 )
( 3, 21521, 000011011, 9 * 21521 )
( 4, 46064, 00000001, 8 * 46064 )
( 5, 30112, 10001000, 8 * 30112 )
( 6, 37556, 01001100, 8 * 37556 )
( 7, 47731, 1110001, 7 * 47731 )
( 8, 29556, 10100100, 8 * 29556 )
( 9, 30280, 01111101, 8 * 30280 )
( 10, 38197, 01000100, 8 * 38197 )
( 11, 30539, 01110001, 8 * 30539 )
( 12, 20341, 000101011, 9 * 20341 )
( 13, 21651, 000010110, 9 * 21651 )
( 14, 29442, 10101010, 8 * 29442 )
( 15, 47862, 1101111, 7 * 47862 )
( 16, 38714, 00111001, 8 * 38714 )
( 17, 39202, 00100101, 8 * 39202 )
( 18, 21224, 000100001, 9 * 21224 )
( 19, 30473, 01110110, 8 * 30473 )
( 20, 29756, 10011011, 8 * 29756 )
( 21, 39178, 00100110, 8 * 39178 )
( 22, 29695, 10011101, 8 * 29695 )
( 23, 21598, 000010111, 9 * 21598 )
( 24, 29581, 10100011, 8 * 29581 )
( 25, 30716, 01101100, 8 * 30716 )
( 26, 29956, 10010001, 8 * 29956 )
( 27, 30522, 01110010, 8 * 30522 )
( 28, 38281, 01000010, 8 * 38281 )
( 29, 30598, 01110000, 8 * 30598 )
( 30, 29415, 10101100, 8 * 29415 )
( 31, 30806, 01101010, 8 * 30806 )
( 32, 28058, 11001011, 8 * 28058 )
( 33, 47251, 1111000, 7 * 47251 )
( 34, 28289, 11000101, 8 * 28289 )
( 35, 29480, 10101001, 8 * 29480 )
( 36, 45418, 00000101, 8 * 45418 )
( 37, 47264, 1110111, 7 * 47264 )
( 38, 45516, 00000100, 8 * 45516 )
( 39, 38581, 00111101, 8 * 38581 )
( 40, 28404, 11000001, 8 * 28404 )
( 41, 38720, 00110111, 8 * 38720 )
( 42, 36888, 01011001, 8 * 36888 )
( 43, 21344, 000011110, 9 * 21344 )
( 44, 36723, 01011011, 8 * 36723 )
( 45, 29857, 10010100, 8 * 29857 )
( 46, 54312, 1101010, 7 * 54312 )
( 47, 29715, 10011100, 8 * 29715 )
( 48, 37173, 01010010, 8 * 37173 )
( 49, 47029, 1111010, 7 * 47029 )
( 50, 37076, 01010101, 8 * 37076 )
( 51, 21320, 000011111, 9 * 21320 )
( 52, 36761, 01011010, 8 * 36761 )
( 53, 38721, 00110110, 8 * 38721 )
( 54, 28342, 11000100, 8 * 28342 )
( 55, 30072, 10001010, 8 * 30072 )
( 56, 28347, 11000011, 8 * 28347 )
( 57, 30188, 10000011, 8 * 30188 )
( 58, 28481, 10111110, 8 * 28481 )
( 59, 30144, 10000101, 8 * 30144 )
( 60, 54451, 1101001, 7 * 54451 )
( 61, 30259, 01111111, 8 * 30259 )
( 62, 37059, 01010111, 8 * 37059 )
( 63, 38775, 00110011, 8 * 38775 )
( 64, 29417, 10101011, 8 * 29417 )
( 65, 39205, 00100100, 8 * 39205 )
( 66, 29167, 10110000, 8 * 29167 )
( 67, 38794, 00110000, 8 * 38794 )
( 68, 29608, 10100000, 8 * 29608 )
( 69, 38955, 00101100, 8 * 38955 )
( 70, 38286, 01000001, 8 * 38286 )
( 71, 21358, 000011101, 9 * 21358 )
( 72, 20858, 000100110, 9 * 20858 )
( 73, 30372, 01111011, 8 * 30372 )
( 74, 29600, 10100001, 8 * 29600 )
( 75, 30211, 10000001, 8 * 30211 )
( 76, 20802, 000101000, 9 * 20802 )
( 77, 47789, 1110000, 7 * 47789 )
( 78, 29851, 10010101, 8 * 29851 )
( 79, 21366, 000011100, 9 * 21366 )
( 80, 20723, 000101001, 9 * 20723 )
( 81, 20845, 000100111, 9 * 20845 )
( 82, 29361, 10101101, 8 * 29361 )
( 83, 38168, 01000101, 8 * 38168 )
( 84, 29795, 10011000, 8 * 29795 )
( 85, 55623, 1100110, 7 * 55623 )
( 86, 21065, 000100011, 9 * 21065 )
( 87, 47290, 1110110, 7 * 47290 )
( 88, 29490, 10101000, 8 * 29490 )
( 89, 29320, 10101111, 8 * 29320 )
( 90, 37995, 01001000, 8 * 37995 )
( 91, 38075, 01000111, 8 * 38075 )
( 92, 38394, 01000000, 8 * 38394 )
( 93, 29766, 10011010, 8 * 29766 )
( 94, 38280, 01000011, 8 * 38280 )
( 95, 20862, 000100101, 9 * 20862 )
( 96, 39221, 00100011, 8 * 39221 )
( 97, 22082, 000001110, 9 * 22082 )
( 98, 30193, 10000010, 8 * 30193 )
( 99, 31039, 01100100, 8 * 31039 )
( 100, 39071, 00101001, 8 * 39071 )
( 101, 39454, 00011100, 8 * 39454 )
( 102, 30647, 01101101, 8 * 30647 )
( 103, 39377, 00011101, 8 * 39377 )
( 104, 21765, 000010100, 9 * 21765 )
( 105, 30849, 01101000, 8 * 30849 )
( 106, 39322, 00100010, 8 * 39322 )
( 107, 21960, 000001111, 9 * 21960 )
( 108, 30759, 01101011, 8 * 30759 )
( 109, 39482, 00011011, 8 * 39482 )
( 110, 22160, 11011001, 8 * 22160 )
( 111, 30973, 01100110, 8 * 30973 )
( 112, 38927, 00101101, 8 * 38927 )
( 113, 56340, 1100100, 7 * 56340 )
( 114, 38972, 00101011, 8 * 38972 )
( 115, 29972, 10010000, 8 * 29972 )
( 116, 30500, 01110100, 8 * 30500 )
( 117, 21015, 000100100, 9 * 21015 )
( 118, 21541, 000011010, 9 * 21541 )
( 119, 29922, 10010010, 8 * 29922 )
( 120, 47499, 1110010, 7 * 47499 )
( 121, 38777, 00110010, 8 * 38777 )
( 122, 30109, 10001001, 8 * 30109 )
( 123, 21548, 000011001, 9 * 21548 )
( 124, 29918, 10010011, 8 * 29918 )
( 125, 30218, 10000000, 8 * 30218 )
( 126, 30128, 10000111, 8 * 30128 )
( 127, 38694, 00111010, 8 * 38694 )
( 128, 28900, 10111000, 8 * 28900 )
( 129, 38107, 01000110, 8 * 38107 )
( 130, 20149, 000101101, 9 * 20149 )
( 131, 29329, 10101110, 8 * 29329 )
( 132, 19913, 000110001, 9 * 19913 )
( 133, 46956, 1111011, 7 * 46956 )
( 134, 29108, 10110010, 8 * 29108 )
( 135, 47298, 1110101, 7 * 47298 )
( 136, 29127, 10110001, 8 * 29127 )
( 137, 29837, 10010110, 8 * 29837 )
( 138, 29052, 10110101, 8 * 29052 )
( 139, 38643, 00111011, 8 * 38643 )
( 140, 37982, 01001001, 8 * 37982 )
( 141, 38530, 00111110, 8 * 38530 )
( 142, 29039, 10110110, 8 * 29039 )
( 143, 29585, 10100010, 8 * 29585 )
( 144, 29106, 10110011, 8 * 29106 )
( 145, 30185, 10000100, 8 * 30185 )
( 146, 28864, 10111010, 8 * 28864 )
( 147, 21251, 000100000, 9 * 21251 )
( 148, 20485, 000101010, 9 * 20485 )
( 149, 29633, 10011111, 8 * 29633 )
( 150, 29053, 10110100, 8 * 29053 )
( 151, 38737, 00110100, 8 * 38737 )
( 152, 19664, 001000001, 9 * 19664 )
( 153, 30420, 01111000, 8 * 30420 )
( 154, 37268, 01001111, 8 * 37268 )
( 155, 47975, 1101101, 7 * 47975 )
( 156, 46326, 1111110, 7 * 46326 )
( 157, 30059, 10001101, 8 * 30059 )
( 158, 28871, 10111001, 8 * 28871 )
( 159, 21815, 000010010, 9 * 21815 )
( 160, 28912, 10110111, 8 * 28912 )
( 161, 38840, 00101111, 8 * 38840 )
( 162, 45844, 00000010, 8 * 45844 )
( 163, 38788, 00110001, 8 * 38788 )
( 164, 19868, 000110011, 9 * 19868 )
( 165, 47339, 1110011, 7 * 47339 )
( 166, 46215, 1111111, 7 * 46215 )
( 167, 30070, 10001100, 8 * 30070 )
( 168, 19896, 000110010, 9 * 19896 )
( 169, 30521, 01110011, 8 * 30521 )
( 170, 28509, 10111101, 8 * 28509 )
( 171, 30377, 01111010, 8 * 30377 )
( 172, 20089, 000101110, 9 * 20089 )
( 173, 30135, 10000110, 8 * 30135 )
( 174, 28721, 10111011, 8 * 28721 )
( 175, 39084, 00101000, 8 * 39084 )
( 176, 46193, 00000000, 8 * 46193 )
( 177, 21702, 000010101, 9 * 21702 )
( 178, 37274, 01001110, 8 * 37274 )
( 179, 39325, 00100001, 8 * 39325 )
( 180, 19697, 001000000, 9 * 19697 )
( 181, 39366, 00011111, 8 * 39366 )
( 182, 28650, 10111100, 8 * 28650 )
( 183, 30633, 01101110, 8 * 30633 )
( 184, 20055, 000110000, 9 * 20055 )
( 185, 30962, 01100111, 8 * 30962 )
( 186, 46337, 1111101, 7 * 46337 )
( 187, 21936, 000010001, 9 * 21936 )
( 188, 37610, 01001011, 8 * 37610 )
( 189, 21954, 000010000, 9 * 21954 )
( 190, 20084, 000101111, 9 * 20084 )
( 191, 31068, 01100011, 8 * 31068 )
( 192, 35797, 01100000, 8 * 35797 )
( 193, 31074, 01100010, 8 * 31074 )
( 194, 18599, 010010101, 9 * 18599 )
( 195, 30812, 01101001, 8 * 30812 )
( 196, 36018, 01011110, 8 * 36018 )
( 197, 31032, 01100101, 8 * 31032 )
( 198, 18394, 010111000, 9 * 18394 )
( 199, 39753, 00011010, 8 * 39753 )
( 200, 26865, 11011000, 8 * 26865 )
( 201, 30486, 01110101, 8 * 30486 )
( 202, 18177, 010111001, 9 * 18177 )
( 203, 47913, 1101110, 7 * 47913 )
( 204, 27135, 11010110, 8 * 27135 )
( 205, 30263, 01111110, 8 * 30263 )
( 206, 27011, 11010111, 8 * 27011 )
( 207, 30349, 01111100, 8 * 30349 )
( 208, 27306, 11010000, 8 * 27306 )
( 209, 21792, 000010011, 9 * 21792 )
( 210, 27439, 11001111, 8 * 27439 )
( 211, 30626, 01101111, 8 * 30626 )
( 212, 35936, 01011111, 8 * 35936 )
( 213, 39133, 00100111, 8 * 39133 )
( 214, 27767, 11001110, 8 * 27767 )
( 215, 30462, 01110111, 8 * 30462 )
( 216, 27191, 11010001, 8 * 27191 )
( 217, 30071, 10001011, 8 * 30071 )
( 218, 44659, 00000110, 8 * 44659 )
( 219, 29823, 10010111, 8 * 29823 )
( 220, 35671, 01100001, 8 * 35671 )
( 221, 29780, 10011001, 8 * 29780 )
( 222, 36022, 01011101, 8 * 36022 )
( 223, 38925, 00101110, 8 * 38925 )
( 224, 28465, 11000000, 8 * 28465 )
( 225, 30013, 10001111, 8 * 30013 )
( 226, 28467, 10111111, 8 * 28467 )
( 227, 30383, 01111001, 8 * 30383 )
( 228, 37133, 01010100, 8 * 37133 )
( 229, 39376, 00011110, 8 * 39376 )
( 230, 28392, 11000010, 8 * 28392 )
( 231, 21587, 000011000, 9 * 21587 )
( 232, 45751, 00000011, 8 * 45751 )
( 233, 47313, 1110100, 7 * 47313 )
( 234, 37266, 01010000, 8 * 37266 )
( 235, 47192, 1111001, 7 * 47192 )
( 236, 28272, 11000110, 8 * 28272 )
( 237, 29643, 10011110, 8 * 29643 )
( 238, 37237, 01010001, 8 * 37237 )
( 239, 38461, 00111111, 8 * 38461 )
( 240, 19074, 010010100, 9 * 19074 )
( 241, 30047, 10001110, 8 * 30047 )
( 242, 37161, 01010011, 8 * 37161 )
( 243, 21173, 000100010, 9 * 21173 )
( 244, 19520, 001110000, 9 * 19520 )
( 245, 38615, 00111100, 8 * 38615 )
( 246, 37063, 01010110, 8 * 37063 )
( 247, 38731, 00110101, 8 * 38731 )
( 248, 36965, 01011000, 8 * 36965 )
( 249, 29491, 10100111, 8 * 29491 )
( 250, 19195, 001110001, 9 * 19195 )
( 251, 29502, 10100110, 8 * 29502 )
( 252, 28110, 11001010, 8 * 28110 )
( 253, 46917, 1111100, 7 * 46917 )
( 254, 28215, 11000111, 8 * 28215 )
( 255, 29503, 10100101, 8 * 29503 )

With total of 8273770.125 bytes

Green Huffman Tree

(Color, Frequency, Huffman Representation, Total Bits)

( 0, 37233, 01001010, 8 * 37233 )
( 1, 48957, 1110001, 7 * 48957 )
( 2, 28567, 10110111, 8 * 28567 )
( 3, 28314, 10111110, 8 * 28314 )
( 4, 28582, 10110101, 8 * 28582 )
( 5, 22841, 000000010, 9 * 22841 )
( 6, 28662, 10110010, 8 * 28662 )
( 7, 37158, 01001101, 8 * 37158 )
( 8, 20114, 000111100, 9 * 20114 )
( 9, 40201, 00011101, 8 * 40201 )
( 10, 19457, 001011001, 9 * 19457 )
( 11, 36770, 01010010, 8 * 36770 )
( 12, 20223, 000110101, 9 * 20223 )
( 13, 31304, 01111000, 8 * 31304 )
( 14, 28326, 10111101, 8 * 28326 )
( 15, 27990, 11000101, 8 * 27990 )
( 16, 45615, 1111110, 7 * 45615 )
( 17, 40561, 00011000, 8 * 40561 )
( 18, 28708, 10110000, 8 * 28708 )
( 19, 28593, 10110100, 8 * 28593 )
( 20, 37339, 01001000, 8 * 37339 )
( 21, 40555, 00011001, 8 * 40555 )
( 22, 28933, 10100111, 8 * 28933 )
( 23, 28450, 10111011, 8 * 28450 )
( 24, 28761, 10101101, 8 * 28761 )
( 25, 49564, 1101101, 7 * 49564 )
( 26, 28553, 10111000, 8 * 28553 )
( 27, 45327, 00000010, 8 * 45327 )
( 28, 37418, 01000110, 8 * 37418 )
( 29, 40940, 00010011, 8 * 40940 )
( 30, 28705, 10110001, 8 * 28705 )
( 31, 18873, 010000110, 9 * 18873 )
( 32, 29388, 10010010, 8 * 29388 )
( 33, 40442, 00011011, 8 * 40442 )
( 34, 20487, 000101000, 9 * 20487 )
( 35, 28479, 10111010, 8 * 28479 )
( 36, 20655, 000100010, 9 * 20655 )
( 37, 40859, 00010101, 8 * 40859 )
( 38, 28756, 10101110, 8 * 28756 )
( 39, 19626, 001010110, 9 * 19626 )
( 40, 38419, 00110100, 8 * 38419 )
( 41, 49397, 1101110, 7 * 49397 )
( 42, 37230, 01001011, 8 * 37230 )
( 43, 18961, 001110101, 9 * 18961 )
( 44, 20702, 000011111, 9 * 20702 )
( 45, 32143, 01110010, 8 * 32143 )
( 46, 37202, 01001100, 8 * 37202 )
( 47, 28000, 11000100, 8 * 28000 )
( 48, 37302, 01001001, 8 * 37302 )
( 49, 48215, 1110010, 7 * 48215 )
( 50, 28709, 10101111, 8 * 28709 )
( 51, 19713, 001001111, 9 * 19713 )
( 52, 28569, 10110110, 8 * 28569 )
( 53, 39882, 00100001, 8 * 39882 )
( 54, 19997, 001000000, 9 * 19997 )
( 55, 19907, 001000001, 9 * 19907 )
( 56, 20134, 000111001, 9 * 20134 )
( 57, 30981, 01111111, 8 * 30981 )
( 58, 28982, 10100100, 8 * 28982 )
( 59, 45653, 1111101, 7 * 45653 )
( 60, 29025, 10100011, 8 * 29025 )
( 61, 31589, 01110110, 8 * 31589 )
( 62, 20429, 000101001, 9 * 20429 )
( 63, 36720, 01010011, 8 * 36720 )
( 64, 38327, 00110101, 8 * 38327 )
( 65, 34300, 01100111, 8 * 34300 )
( 66, 17154, 011001011, 9 * 17154 )
( 67, 19517, 001011000, 9 * 19517 )
( 68, 20596, 000100011, 9 * 20596 )
( 69, 43829, 00001000, 8 * 43829 )
( 70, 34839, 01100011, 8 * 34839 )
( 71, 19522, 001010111, 9 * 19522 )
( 72, 38317, 00110110, 8 * 38317 )
( 73, 34119, 01101000, 8 * 34119 )
( 74, 17478, 011000001, 9 * 17478 )
( 75, 28212, 10111111, 8 * 28212 )
( 76, 20556, 000100100, 9 * 20556 )
( 77, 34573, 01100100, 8 * 34573 )
( 78, 34964, 01100010, 8 * 34964 )
( 79, 19339, 001100000, 9 * 19339 )
( 80, 37779, 00111101, 8 * 37779 )
( 81, 42740, 00001011, 8 * 42740 )
( 82, 52175, 1101010, 7 * 52175 )
( 83, 28539, 10111001, 8 * 28539 )
( 84, 37795, 00111100, 8 * 37795 )
( 85, 25222, 11010111, 8 * 25222 )
( 86, 34510, 01100110, 8 * 34510 )
( 87, 19252, 001100001, 9 * 19252 )
( 88, 29271, 10010110, 8 * 29271 )
( 89, 33803, 01101010, 8 * 33803 )
( 90, 35212, 01100001, 8 * 35212 )
( 91, 37115, 01010000, 8 * 37115 )
( 92, 20076, 000111101, 9 * 20076 )
( 93, 33858, 01101001, 8 * 33858 )
( 94, 26283, 11010011, 8 * 26283 )
( 95, 28039, 11000011, 8 * 28039 )
( 96, 19108, 001110001, 9 * 19108 )
( 97, 32396, 01101111, 8 * 32396 )
( 98, 19148, 001110000, 9 * 19148 )
( 99, 44068, 00000101, 8 * 44068 )
( 100, 28088, 11000001, 8 * 28088 )
( 101, 23566, 11100111, 8 * 23566 )
( 102, 36611, 01010101, 8 * 36611 )
( 103, 17415, 011001010, 9 * 17415 )
( 104, 19062, 001110100, 9 * 19062 )
( 105, 58462, 1001100, 7 * 58462 )
( 106, 36579, 01010110, 8 * 36579 )
( 107, 26634, 11001111, 8 * 26634 )
( 108, 45518, 00000000, 8 * 45518 )
( 109, 41296, 00010000, 8 * 41296 )
( 110, 36356, 01011010, 8 * 36356 )
( 111, 26541, 11010010, 8 * 26541 )
( 112, 27871, 11000111, 8 * 27871 )
( 113, 50388, 1101100, 7 * 50388 )
( 114, 18551, 010011101, 9 * 18551 )
( 115, 18142, 011000000, 9 * 18142 )
( 116, 36657, 01010100, 8 * 36657 )
( 117, 32828, 01101101, 8 * 32828 )
( 118, 36362, 01011001, 8 * 36362 )
( 119, 53272, 1101000, 7 * 53272 )
( 120, 28116, 11000000, 8 * 28116 )
( 121, 24479, 11100110, 8 * 24479 )
( 122, 27546, 11001010, 8 * 27546 )
( 123, 26230, 11010110, 8 * 26230 )
( 124, 27952, 11000110, 8 * 27952 )
( 125, 41998, 00001101, 8 * 41998 )
( 126, 18607, 010011100, 9 * 18607 )
( 127, 43941, 00000111, 8 * 43941 )
( 128, 46246, 1111011, 7 * 46246 )
( 129, 31064, 01111100, 8 * 31064 )
( 130, 28911, 10101000, 8 * 28911 )
( 131, 27506, 11001100, 8 * 27506 )
( 132, 46427, 1111001, 7 * 46427 )
( 133, 22157, 000001100, 9 * 22157 )
( 134, 37734, 00111111, 8 * 37734 )
( 135, 18619, 010000111, 9 * 18619 )
( 136, 28971, 10100101, 8 * 28971 )
( 137, 31297, 01111001, 8 * 31297 )
( 138, 28958, 10100110, 8 * 28958 )
( 139, 36083, 01011011, 8 * 36083 )
( 140, 37708, 01000000, 8 * 37708 )
( 141, 39762, 00100100, 8 * 39762 )
( 142, 29039, 10100010, 8 * 29039 )
( 143, 26894, 11001110, 8 * 26894 )
( 144, 38298, 00110111, 8 * 38298 )
( 145, 58091, 1010000, 7 * 58091 )
( 146, 28894, 10101001, 8 * 28894 )
( 147, 44245, 00000100, 8 * 44245 )
( 148, 46797, 1110101, 7 * 46797 )
( 149, 31353, 01110111, 8 * 31353 )
( 150, 29109, 10011101, 8 * 29109 )
( 151, 35726, 01011110, 8 * 35726 )
( 152, 29452, 10010001, 8 * 29452 )
( 153, 31865, 01110100, 8 * 31865 )
( 154, 28874, 10101010, 8 * 28874 )
( 155, 35634, 01011111, 8 * 35634 )
( 156, 38101, 00111001, 8 * 38101 )
( 157, 49035, 1110000, 7 * 49035 )
( 158, 29112, 10011100, 8 * 29112 )
( 159, 35732, 01011101, 8 * 35732 )
( 160, 30492, 10001001, 8 * 30492 )
( 161, 33464, 01101011, 8 * 33464 )
( 162, 44717, 00000011, 8 * 44717 )
( 163, 37149, 01001111, 8 * 37149 )
( 164, 30543, 10001000, 8 * 30543 )
( 165, 33333, 01101100, 8 * 33333 )
( 166, 27486, 11001101, 8 * 27486 )
( 167, 28642, 10110011, 8 * 28642 )
( 168, 30280, 10001011, 8 * 30280 )
( 169, 41949, 00001110, 8 * 41949 )
( 170, 27703, 11001001, 8 * 27703 )
( 171, 19747, 001001110, 9 * 19747 )
( 172, 38888, 00101101, 8 * 38888 )
( 173, 42132, 00001100, 8 * 42132 )
( 174, 36413, 01011000, 8 * 36413 )
( 175, 28407, 10111100, 8 * 28407 )
( 176, 30683, 10000101, 8 * 30683 )
( 177, 32452, 01101110, 8 * 32452 )
( 178, 27517, 11001011, 8 * 27517 )
( 179, 37063, 01010001, 8 * 37063 )
( 180, 21656, 000010011, 9 * 21656 )
( 181, 32163, 01110001, 8 * 32163 )
( 182, 35845, 01011100, 8 * 35845 )
( 183, 28088, 11000010, 8 * 28088 )
( 184, 30668, 10000111, 8 * 30668 )
( 185, 23461, 11110100, 8 * 23461 )
( 186, 36476, 01010111, 8 * 36476 )
( 187, 45992, 1111100, 7 * 45992 )
( 188, 38858, 00101110, 8 * 38858 )
( 189, 32382, 01110000, 8 * 32382 )
( 190, 27762, 11001000, 8 * 27762 )
( 191, 45555, 1111111, 7 * 45555 )
( 192, 39509, 00100110, 8 * 39509 )
( 193, 39848, 00100011, 8 * 39848 )
( 194, 29330, 10010011, 8 * 29330 )
( 195, 46439, 1111000, 7 * 46439 )
( 196, 39259, 00101001, 8 * 39259 )
( 197, 40005, 00011111, 8 * 40005 )
( 198, 29222, 10011010, 8 * 29222 )
( 199, 37354, 01000111, 8 * 37354 )
( 200, 30670, 10000110, 8 * 30670 )
( 201, 22865, 11110101, 8 * 22865 )
( 202, 29302, 10010101, 8 * 29302 )
( 203, 29780, 10001111, 8 * 29780 )
( 204, 31137, 01111010, 8 * 31137 )
( 205, 49288, 1101111, 7 * 49288 )
( 206, 46782, 1110110, 7 * 46782 )
( 207, 29306, 10010100, 8 * 29306 )
( 208, 39873, 00100010, 8 * 39873 )
( 209, 31054, 01111101, 8 * 31054 )
( 210, 29251, 10010111, 8 * 29251 )
( 211, 37681, 01000010, 8 * 37681 )
( 212, 31108, 01111011, 8 * 31108 )
( 213, 30892, 10000001, 8 * 30892 )
( 214, 20276, 000110100, 9 * 20276 )
( 215, 28806, 10101011, 8 * 28806 )
( 216, 30991, 01111110, 8 * 30991 )
( 217, 30755, 10000011, 8 * 30755 )
( 218, 37745, 00111110, 8 * 37745 )
( 219, 29944, 10001100, 8 * 29944 )
( 220, 30732, 10000100, 8 * 30732 )
( 221, 30814, 10000010, 8 * 30814 )
( 222, 37473, 01000100, 8 * 37473 )
( 223, 21419, 000010101, 9 * 21419 )
( 224, 38573, 00110001, 8 * 38573 )
( 225, 39736, 00100101, 8 * 39736 )
( 226, 29148, 10011011, 8 * 29148 )
( 227, 20511, 000100101, 9 * 20511 )
( 228, 29921, 10001101, 8 * 29921 )
( 229, 39218, 00101010, 8 * 39218 )
( 230, 29069, 10011110, 8 * 29069 )
( 231, 37834, 00111011, 8 * 37834 )
( 232, 38442, 00110011, 8 * 38442 )
( 233, 22491, 000000011, 9 * 22491 )
( 234, 20202, 000111000, 9 * 20202 )
( 235, 21015, 000011110, 9 * 21015 )
( 236, 29627, 10010000, 8 * 29627 )
( 237, 30937, 10000000, 8 * 30937 )
( 238, 37701, 01000001, 8 * 37701 )
( 239, 29876, 10001110, 8 * 29876 )
( 240, 21865, 000001101, 9 * 21865 )
( 241, 31936, 01110011, 8 * 31936 )
( 242, 37420, 01000101, 8 * 37420 )
( 243, 38464, 00110010, 8 * 38464 )
( 244, 39306, 00101000, 8 * 39306 )
( 245, 31734, 01110101, 8 * 31734 )
( 246, 46517, 1110111, 7 * 46517 )
( 247, 38687, 00101111, 8 * 38687 )
( 248, 47491, 1110100, 7 * 47491 )
( 249, 40654, 00010110, 8 * 40654 )
( 250, 28793, 10101100, 8 * 28793 )
( 251, 21597, 000010100, 9 * 21597 )
( 252, 30374, 10001010, 8 * 30374 )
( 253, 40610, 00010111, 8 * 40610 )
( 254, 29043, 10011111, 8 * 29043 )
( 255, 21792, 000010010, 9 * 21792 )

With total of 8269728.875 bytes

Blue Huffman Tree

(Color, Frequency, Huffman Representation, Total Bits)

( 0, 22080, 000010100, 9 * 22080 )
( 1, 29213, 10011001, 8 * 29213 )
( 2, 49024, 1110011, 7 * 49024 )
( 3, 28034, 10111010, 8 * 28034 )
( 4, 30628, 01111011, 8 * 30628 )
( 5, 28795, 10101011, 8 * 28795 )
( 6, 23192, 11111010, 8 * 23192 )
( 7, 27978, 10111100, 8 * 27978 )
( 8, 39417, 00101010, 8 * 39417 )
( 9, 28785, 10101100, 8 * 28785 )
( 10, 49223, 1110001, 7 * 49223 )
( 11, 27956, 10111101, 8 * 27956 )
( 12, 48333, 1110110, 7 * 48333 )
( 13, 20225, 000111100, 9 * 20225 )
( 14, 49323, 1110000, 7 * 49323 )
( 15, 45497, 00000001, 8 * 45497 )
( 16, 30155, 01111101, 8 * 30155 )
( 17, 29439, 10001100, 8 * 29439 )
( 18, 32239, 01101101, 8 * 32239 )
( 19, 27900, 10111111, 8 * 27900 )
( 20, 30089, 01111110, 8 * 30089 )
( 21, 38046, 00111011, 8 * 38046 )
( 22, 41096, 00010100, 8 * 41096 )
( 23, 27671, 11000010, 8 * 27671 )
( 24, 38576, 00101110, 8 * 38576 )
( 25, 19925, 001010000, 9 * 19925 )
( 26, 40549, 00011101, 8 * 40549 )
( 27, 19566, 001011000, 9 * 19566 )
( 28, 29821, 10000100, 8 * 29821 )
( 29, 28850, 10101000, 8 * 28850 )
( 30, 32109, 01110000, 8 * 32109 )
( 31, 45158, 00000100, 8 * 45158 )
( 32, 38150, 00111000, 8 * 38150 )
( 33, 28494, 10110010, 8 * 28494 )
( 34, 50156, 1101010, 7 * 50156 )
( 35, 18507, 010010111, 9 * 18507 )
( 36, 30185, 01111100, 8 * 30185 )
( 37, 19870, 001010001, 9 * 19870 )
( 38, 24673, 11011110, 8 * 24673 )
( 39, 27137, 11001101, 8 * 27137 )
( 40, 21024, 000010101, 9 * 21024 )
( 41, 28835, 10101001, 8 * 28835 )
( 42, 33303, 01101011, 8 * 33303 )
( 43, 36320, 01011100, 8 * 36320 )
( 44, 20717, 000100100, 9 * 20717 )
( 45, 37146, 01010000, 8 * 37146 )
( 46, 24213, 11101110, 8 * 24213 )
( 47, 36135, 01100001, 8 * 36135 )
( 48, 20684, 000100110, 9 * 20684 )
( 49, 29056, 10100001, 8 * 29056 )
( 50, 33808, 01101000, 8 * 33808 )
( 51, 27999, 10111011, 8 * 27999 )
( 52, 38258, 00110100, 8 * 38258 )
( 53, 28983, 10100010, 8 * 28983 )
( 54, 42268, 00001100, 8 * 42268 )
( 55, 36448, 01011010, 8 * 36448 )
( 56, 46620, 1111011, 7 * 46620 )
( 57, 37910, 00111111, 8 * 37910 )
( 58, 41916, 00001111, 8 * 41916 )
( 59, 18935, 001111001, 9 * 18935 )
( 60, 29585, 10000111, 8 * 29585 )
( 61, 28833, 10101010, 8 * 28833 )
( 62, 24710, 11010111, 8 * 24710 )
( 63, 27455, 11000110, 8 * 27455 )
( 64, 28626, 10101111, 8 * 28626 )
( 65, 26736, 11010001, 8 * 26736 )
( 66, 49390, 1101110, 7 * 49390 )
( 67, 36521, 01010111, 8 * 36521 )
( 68, 37309, 01001101, 8 * 37309 )
( 69, 35450, 01100101, 8 * 35450 )
( 70, 32203, 01101110, 8 * 32203 )
( 71, 36340, 01011011, 8 * 36340 )
( 72, 29153, 10011101, 8 * 29153 )
( 73, 35559, 01100100, 8 * 35559 )
( 74, 58368, 1001101, 7 * 58368 )
( 75, 36463, 01011000, 8 * 36463 )
( 76, 46375, 1111100, 7 * 46375 )
( 77, 44015, 00001001, 8 * 44015 )
( 78, 40726, 00011000, 8 * 40726 )
( 79, 27926, 10111110, 8 * 27926 )
( 80, 29382, 10010000, 8 * 29382 )
( 81, 17898, 010111111, 9 * 17898 )
( 82, 22940, 000000100, 9 * 22940 )
( 83, 45650, 00000000, 8 * 45650 )
( 84, 38209, 00110110, 8 * 38209 )
( 85, 26828, 11001111, 8 * 26828 )
( 86, 31686, 01110101, 8 * 31686 )
( 87, 19669, 001010111, 9 * 19669 )
( 88, 29365, 10010001, 8 * 29365 )
( 89, 27005, 11001110, 8 * 27005 )
( 90, 31376, 01111000, 8 * 31376 )
( 91, 28452, 10110011, 8 * 28452 )
( 92, 38018, 00111101, 8 * 38018 )
( 93, 44483, 00001000, 8 * 44483 )
( 94, 31457, 01110111, 8 * 31457 )
( 95, 36985, 01010010, 8 * 36985 )
( 96, 46998, 1111000, 7 * 46998 )
( 97, 37227, 01001110, 8 * 37227 )
( 98, 39832, 00100110, 8 * 39832 )
( 99, 29516, 10001010, 8 * 29516 )
( 100, 37850, 01000010, 8 * 37850 )
( 101, 36931, 01010011, 8 * 36931 )
( 102, 22196, 000001101, 9 * 22196 )
( 103, 38264, 00110011, 8 * 38264 )
( 104, 38235, 00110101, 8 * 38235 )
( 105, 19258, 001100000, 9 * 19258 )
( 106, 39990, 00100011, 8 * 39990 )
( 107, 38387, 00110001, 8 * 38387 )
( 108, 29330, 10010100, 8 * 29330 )
( 109, 28034, 10111001, 8 * 28034 )
( 110, 30922, 01111010, 8 * 30922 )
( 111, 29632, 10000110, 8 * 29632 )
( 112, 29407, 10001110, 8 * 29407 )
( 113, 20257, 000110111, 9 * 20257 )
( 114, 40025, 00100010, 8 * 40025 )
( 115, 20327, 000101101, 9 * 20327 )
( 116, 37905, 01000000, 8 * 37905 )
( 117, 36903, 01010100, 8 * 36903 )
( 118, 31753, 01110100, 8 * 31753 )
( 119, 20435, 000101100, 9 * 20435 )
( 120, 38344, 00110010, 8 * 38344 )
( 121, 54454, 1100101, 7 * 54454 )
( 122, 22988, 11111011, 8 * 22988 )
( 123, 29360, 10010010, 8 * 29360 )
( 124, 38168, 00110111, 8 * 38168 )
( 125, 19745, 001010110, 9 * 19745 )
( 126, 49469, 1101100, 7 * 49469 )
( 127, 20822, 000100001, 9 * 20822 )
( 128, 29551, 10001000, 8 * 29551 )
( 129, 37669, 01000111, 8 * 37669 )
( 130, 40207, 00100001, 8 * 40207 )
( 131, 30080, 01111111, 8 * 30080 )
( 132, 20930, 000100000, 9 * 20930 )
( 133, 28979, 10100011, 8 * 28979 )
( 134, 39942, 00100101, 8 * 39942 )
( 135, 29943, 10000001, 8 * 29943 )
( 136, 38064, 00111010, 8 * 38064 )
( 137, 28499, 10110001, 8 * 28499 )
( 138, 40323, 00011111, 8 * 40323 )
( 139, 29940, 10000010, 8 * 29940 )
( 140, 29202, 10011100, 8 * 29202 )
( 141, 28613, 10110000, 8 * 28613 )
( 142, 31514, 01110110, 8 * 31514 )
( 143, 29717, 10000101, 8 * 29717 )
( 144, 28916, 10100101, 8 * 28916 )
( 145, 19139, 001100001, 9 * 19139 )
( 146, 40257, 00100000, 8 * 40257 )
( 147, 20488, 000101011, 9 * 20488 )
( 148, 20307, 000110110, 9 * 20307 )
( 149, 27897, 11000000, 8 * 27897 )
( 150, 48789, 1110101, 7 * 48789 )
( 151, 29335, 10010011, 8 * 29335 )
( 152, 28893, 10100110, 8 * 28893 )
( 153, 19305, 001011010, 9 * 19305 )
( 154, 48885, 1110100, 7 * 48885 )
( 155, 29390, 10001111, 8 * 29390 )
( 156, 28959, 10100100, 8 * 28959 )
( 157, 28065, 10111000, 8 * 28065 )
( 158, 22518, 000000101, 9 * 22518 )
( 159, 29482, 10001011, 8 * 29482 )
( 160, 20691, 000100101, 9 * 20691 )
( 161, 26782, 11010000, 8 * 26782 )
( 162, 23259, 11101111, 8 * 23259 )
( 163, 19405, 001011001, 9 * 19405 )
( 164, 20601, 000100111, 9 * 20601 )
( 165, 35332, 01100110, 8 * 35332 )
( 166, 49200, 1110010, 7 * 49200 )
( 167, 19105, 001111000, 9 * 19105 )
( 168, 37704, 01000101, 8 * 37704 )
( 169, 27314, 11001000, 8 * 27314 )
( 170, 49438, 1101101, 7 * 49438 )
( 171, 46113, 1111110, 7 * 46113 )
( 172, 29323, 10010101, 8 * 29323 )
( 173, 18282, 010111110, 9 * 18282 )
( 174, 40761, 00010111, 8 * 40761 )
( 175, 37161, 01001111, 8 * 37161 )
( 176, 29252, 10010111, 8 * 29252 )
( 177, 27151, 11001100, 8 * 27151 )
( 178, 22510, 000001100, 9 * 22510 )
( 179, 36986, 01010001, 8 * 36986 )
( 180, 46832, 1111001, 7 * 46832 )
( 181, 35676, 01100011, 8 * 35676 )
( 182, 39806, 00100111, 8 * 39806 )
( 183, 28086, 10110111, 8 * 28086 )
( 184, 20213, 000111101, 9 * 20213 )
( 185, 53374, 1101001, 7 * 53374 )
( 186, 39980, 00100100, 8 * 39980 )
( 187, 18865, 010010110, 9 * 18865 )
( 188, 38106, 00111001, 8 * 38106 )
( 189, 36194, 01011110, 8 * 36194 )
( 190, 31128, 01111001, 8 * 31128 )
( 191, 27823, 11000001, 8 * 27823 )
( 192, 37661, 01001000, 8 * 37661 )
( 193, 28451, 10110100, 8 * 28451 )
( 194, 33824, 01100111, 8 * 33824 )
( 195, 18426, 010101010, 9 * 18426 )
( 196, 37811, 01000011, 8 * 37811 )
( 197, 19278, 001011011, 9 * 19278 )
( 198, 33565, 01101001, 8 * 33565 )
( 199, 27300, 11001001, 8 * 27300 )
( 200, 46692, 1111010, 7 * 46692 )
( 201, 28448, 10110101, 8 * 28448 )
( 202, 42536, 00001011, 8 * 42536 )
( 203, 35940, 01100010, 8 * 35940 )
( 204, 37934, 00111110, 8 * 37934 )
( 205, 19775, 001010011, 9 * 19775 )
( 206, 25085, 11010110, 8 * 25085 )
( 207, 36460, 01011001, 8 * 36460 )
( 208, 29072, 10100000, 8 * 29072 )
( 209, 37340, 01001100, 8 * 37340 )
( 210, 42054, 00001101, 8 * 42054 )
( 211, 36150, 01100000, 8 * 36150 )
( 212, 37724, 01000100, 8 * 37724 )
( 213, 37378, 01001010, 8 * 37378 )
( 214, 42028, 00001110, 8 * 42028 )
( 215, 27630, 11000100, 8 * 27630 )
( 216, 20778, 000100011, 9 * 20778 )
( 217, 37488, 01001001, 8 * 37488 )
( 218, 33417, 01101010, 8 * 33417 )
( 219, 36230, 01011101, 8 * 36230 )
( 220, 29533, 10001001, 8 * 29533 )
( 221, 28865, 10100111, 8 * 28865 )
( 222, 24660, 11011111, 8 * 24660 )
( 223, 45091, 00000101, 8 * 45091 )
( 224, 29137, 10011110, 8 * 29137 )
( 225, 29116, 10011111, 8 * 29116 )
( 226, 40554, 00011100, 8 * 40554 )
( 227, 45443, 00000011, 8 * 45443 )
( 228, 37694, 01000110, 8 * 37694 )
( 229, 37900, 01000001, 8 * 37900 )
( 230, 31997, 01110001, 8 * 31997 )
( 231, 19793, 001010010, 9 * 19793 )
( 232, 20534, 000101010, 9 * 20534 )
( 233, 29245, 10011000, 8 * 29245 )
( 234, 31971, 01110010, 8 * 31971 )
( 235, 27527, 11000101, 8 * 27527 )
( 236, 29319, 10010110, 8 * 29319 )
( 237, 29407, 10001101, 8 * 29407 )
( 238, 31926, 01110011, 8 * 31926 )
( 239, 36558, 01010110, 8 * 36558 )
( 240, 38471, 00101111, 8 * 38471 )
( 241, 45972, 1111111, 7 * 45972 )
( 242, 40634, 00011001, 8 * 40634 )
( 243, 27324, 11000111, 8 * 27324 )
( 244, 20811, 000100010, 9 * 20811 )
( 245, 28710, 10101110, 8 * 28710 )
( 246, 32147, 01101111, 8 * 32147 )
( 247, 18383, 010101011, 9 * 18383 )
( 248, 29974, 10000000, 8 * 29974 )
( 249, 28734, 10101101, 8 * 28734 )
( 250, 32441, 01101100, 8 * 32441 )
( 251, 44637, 00000111, 8 * 44637 )
( 252, 29834, 10000011, 8 * 29834 )
( 253, 28340, 10110110, 8 * 28340 )
( 254, 40599, 00011010, 8 * 40599 )
( 255, 27641, 11000011, 8 * 27641 )

With total of 8270923.625 bytes

Total memory after compression is 8273770.125 + 8270923.625 + 8269728.875 = 24814422.625 bytes
Compression ratio is 99.7235991552533%
------------------------- End of logs ----------------------------
