Red Huffman Tree

(Color, Frequency, Huffman Representation, Total Bits)

( 0, 14157, 00011011, 8 * 14157 )
( 1, 14179, 00011010, 8 * 14179 )
( 2, 14273, 00010110, 8 * 14273 )
( 3, 13980, 00011100, 8 * 13980 )
( 4, 13811, 00100001, 8 * 13811 )
( 5, 13692, 00100110, 8 * 13692 )
( 6, 13311, 00101110, 8 * 13311 )
( 7, 13041, 00110011, 8 * 13041 )
( 8, 15214, 00000101, 8 * 15214 )
( 9, 15515, 00000001, 8 * 15515 )
( 10, 15313, 00000011, 8 * 15313 )
( 11, 15593, 00000000, 8 * 15593 )
( 12, 14473, 00010010, 8 * 14473 )
( 13, 14230, 00011000, 8 * 14230 )
( 14, 14560, 00001101, 8 * 14560 )
( 15, 14224, 00011001, 8 * 14224 )
( 16, 15211, 00000110, 8 * 15211 )
( 17, 15418, 00000010, 8 * 15418 )
( 18, 15281, 00000100, 8 * 15281 )
( 19, 15189, 00000111, 8 * 15189 )
( 20, 14766, 00001010, 8 * 14766 )
( 21, 14393, 00010011, 8 * 14393 )
( 22, 14514, 00010001, 8 * 14514 )
( 23, 14559, 00001110, 8 * 14559 )
( 24, 13902, 00011110, 8 * 13902 )
( 25, 13374, 00101010, 8 * 13374 )
( 26, 13876, 00011111, 8 * 13876 )
( 27, 14235, 00010111, 8 * 14235 )
( 28, 14274, 00010101, 8 * 14274 )
( 29, 14543, 00010000, 8 * 14543 )
( 30, 15073, 00001000, 8 * 15073 )
( 31, 14744, 00001011, 8 * 14744 )
( 32, 11086, 11011110, 8 * 11086 )
( 33, 10580, 11101111, 8 * 10580 )
( 34, 10519, 11110010, 8 * 10519 )
( 35, 10347, 11110101, 8 * 10347 )
( 36, 11037, 11100010, 8 * 11037 )
( 37, 11211, 11010110, 8 * 11211 )
( 38, 10408, 11110100, 8 * 10408 )
( 39, 10219, 11111001, 8 * 10219 )
( 40, 12839, 00111101, 8 * 12839 )
( 41, 12469, 01011000, 8 * 12469 )
( 42, 12539, 01001110, 8 * 12539 )
( 43, 12986, 00110110, 8 * 12986 )
( 44, 11365, 11001101, 8 * 11365 )
( 45, 11709, 10100110, 8 * 11709 )
( 46, 11072, 11100000, 8 * 11072 )
( 47, 10848, 11101100, 8 * 10848 )
( 48, 12088, 10001000, 8 * 12088 )
( 49, 11996, 10010010, 8 * 11996 )
( 50, 12321, 01101100, 8 * 12321 )
( 51, 12219, 01110111, 8 * 12219 )
( 52, 12297, 01110001, 8 * 12297 )
( 53, 12010, 10010001, 8 * 12010 )
( 54, 12663, 01000111, 8 * 12663 )
( 55, 12355, 01101000, 8 * 12355 )
( 56, 11008, 11100111, 8 * 11008 )
( 57, 11029, 11100011, 8 * 11029 )
( 58, 11809, 10100001, 8 * 11809 )
( 59, 11697, 10101000, 8 * 11697 )
( 60, 11478, 11000101, 8 * 11478 )
( 61, 11397, 11001010, 8 * 11397 )
( 62, 11736, 10100101, 8 * 11736 )
( 63, 11936, 10010111, 8 * 11936 )
( 64, 12170, 10000001, 8 * 12170 )
( 65, 12038, 10010000, 8 * 12038 )
( 66, 11496, 11000001, 8 * 11496 )
( 67, 11568, 10111011, 8 * 11568 )
( 68, 10571, 11110000, 8 * 10571 )
( 69, 10893, 11101010, 8 * 10893 )
( 70, 11124, 11011100, 8 * 11124 )
( 71, 11012, 11100110, 8 * 11012 )
( 72, 13504, 00101000, 8 * 13504 )
( 73, 13356, 00101100, 8 * 13356 )
( 74, 13127, 00110000, 8 * 13127 )
( 75, 13024, 00110100, 8 * 13024 )
( 76, 11762, 10100100, 8 * 11762 )
( 77, 11857, 10011100, 8 * 11857 )
( 78, 11653, 10101110, 8 * 11653 )
( 79, 11827, 10011111, 8 * 11827 )
( 80, 11073, 11011111, 8 * 11073 )
( 81, 10723, 11101110, 8 * 10723 )
( 82, 11345, 11001110, 8 * 11345 )
( 83, 11490, 11000010, 8 * 11490 )
( 84, 12318, 01101101, 8 * 12318 )
( 85, 12516, 01010001, 8 * 12516 )
( 86, 12112, 10000110, 8 * 12112 )
( 87, 12194, 01111100, 8 * 12194 )
( 88, 9904, 11111110, 8 * 9904 )
( 89, 9771, 11111111, 8 * 9771 )
( 90, 10063, 11111100, 8 * 10063 )
( 91, 10533, 11110001, 8 * 10533 )
( 92, 12193, 01111110, 8 * 12193 )
( 93, 12368, 01100110, 8 * 12368 )
( 94, 12268, 01110010, 8 * 12268 )
( 95, 11946, 10010110, 8 * 11946 )
( 96, 12221, 01110110, 8 * 12221 )
( 97, 12151, 10000010, 8 * 12151 )
( 98, 12383, 01100100, 8 * 12383 )
( 99, 12064, 10001110, 8 * 12064 )
( 100, 12364, 01100111, 8 * 12364 )
( 101, 12419, 01011101, 8 * 12419 )
( 102, 12450, 01011010, 8 * 12450 )
( 103, 12921, 00111011, 8 * 12921 )
( 104, 12944, 00111001, 8 * 12944 )
( 105, 13360, 00101011, 8 * 13360 )
( 106, 12857, 00111100, 8 * 12857 )
( 107, 13206, 00101111, 8 * 13206 )
( 108, 13907, 00011101, 8 * 13907 )
( 109, 13777, 00100011, 8 * 13777 )
( 110, 13756, 00100100, 8 * 13756 )
( 111, 13791, 00100010, 8 * 13791 )
( 112, 12394, 01011111, 8 * 12394 )
( 113, 12662, 01001000, 8 * 12662 )
( 114, 11924, 10011000, 8 * 11924 )
( 115, 12250, 01110011, 8 * 12250 )
( 116, 12996, 00110101, 8 * 12996 )
( 117, 12650, 01001001, 8 * 12650 )
( 118, 12671, 01000110, 8 * 12671 )
( 119, 12520, 01010000, 8 * 12520 )
( 120, 13044, 00110010, 8 * 13044 )
( 121, 12925, 00111010, 8 * 12925 )
( 122, 12423, 01011011, 8 * 12423 )
( 123, 12600, 01001100, 8 * 12600 )
( 124, 11490, 11000011, 8 * 11490 )
( 125, 12089, 10000111, 8 * 12089 )
( 126, 11507, 10111111, 8 * 11507 )
( 127, 12234, 01110100, 8 * 12234 )
( 128, 10849, 11101011, 8 * 10849 )
( 129, 10976, 11101000, 8 * 10976 )
( 130, 11092, 11011101, 8 * 11092 )
( 131, 11295, 11010011, 8 * 11295 )
( 132, 10292, 11110110, 8 * 10292 )
( 133, 10770, 11101101, 8 * 10770 )
( 134, 10066, 11111011, 8 * 10066 )
( 135, 10055, 11111101, 8 * 10055 )
( 136, 12314, 01101110, 8 * 12314 )
( 137, 12789, 01000001, 8 * 12789 )
( 138, 12392, 01100010, 8 * 12392 )
( 139, 12211, 01111001, 8 * 12211 )
( 140, 12613, 01001011, 8 * 12613 )
( 141, 12686, 01000101, 8 * 12686 )
( 142, 12508, 01010011, 8 * 12508 )
( 143, 12759, 01000011, 8 * 12759 )
( 144, 12171, 10000000, 8 * 12171 )
( 145, 11537, 10111101, 8 * 11537 )
( 146, 11246, 11010100, 8 * 11246 )
( 147, 11480, 11000100, 8 * 11480 )
( 148, 11375, 11001100, 8 * 11375 )
( 149, 11536, 10111110, 8 * 11536 )
( 150, 12150, 10000011, 8 * 12150 )
( 151, 11609, 10110110, 8 * 11609 )
( 152, 11587, 10111001, 8 * 11587 )
( 153, 11630, 10110010, 8 * 11630 )
( 154, 11612, 10110101, 8 * 11612 )
( 155, 11038, 11100001, 8 * 11038 )
( 156, 12422, 01011100, 8 * 12422 )
( 157, 12071, 10001100, 8 * 12071 )
( 158, 12476, 01010110, 8 * 12476 )
( 159, 12791, 01000000, 8 * 12791 )
( 160, 11885, 10011010, 8 * 11885 )
( 161, 11788, 10100010, 8 * 11788 )
( 162, 11632, 10101111, 8 * 11632 )
( 163, 11845, 10011101, 8 * 11845 )
( 164, 11431, 11000110, 8 * 11431 )
( 165, 11337, 11010000, 8 * 11337 )
( 166, 11426, 11000111, 8 * 11426 )
( 167, 11586, 10111010, 8 * 11586 )
( 168, 12552, 01001101, 8 * 12552 )
( 169, 12516, 01010010, 8 * 12516 )
( 170, 13326, 00101101, 8 * 13326 )
( 171, 12949, 00111000, 8 * 12949 )
( 172, 11867, 10011011, 8 * 11867 )
( 173, 12522, 01001111, 8 * 12522 )
( 174, 11415, 11001000, 8 * 11415 )
( 175, 12336, 01101011, 8 * 12336 )
( 176, 12213, 01111000, 8 * 12213 )
( 177, 12310, 01110000, 8 * 12310 )
( 178, 11631, 10110000, 8 * 11631 )
( 179, 11631, 10110001, 8 * 11631 )
( 180, 12748, 01000100, 8 * 12748 )
( 181, 12077, 10001010, 8 * 12077 )
( 182, 13097, 00110001, 8 * 13097 )
( 183, 12457, 01011001, 8 * 12457 )
( 184, 11601, 10111000, 8 * 11601 )
( 185, 11337, 11001111, 8 * 11337 )
( 186, 11686, 10101010, 8 * 11686 )
( 187, 11618, 10110100, 8 * 11618 )
( 188, 11308, 11010010, 8 * 11308 )
( 189, 11629, 10110011, 8 * 11629 )
( 190, 11028, 11100100, 8 * 11028 )
( 191, 11148, 11011010, 8 * 11148 )
( 192, 12618, 01001010, 8 * 12618 )
( 193, 12405, 01011110, 8 * 12405 )
( 194, 12792, 00111111, 8 * 12792 )
( 195, 12957, 00110111, 8 * 12957 )
( 196, 14778, 00001001, 8 * 14778 )
( 197, 14731, 00001100, 8 * 14731 )
( 198, 14553, 00001111, 8 * 14553 )
( 199, 14366, 00010100, 8 * 14366 )
( 200, 11228, 11010101, 8 * 11228 )
( 201, 11309, 11010001, 8 * 11309 )
( 202, 11206, 11010111, 8 * 11206 )
( 203, 10947, 11101001, 8 * 10947 )
( 204, 11395, 11001011, 8 * 11395 )
( 205, 11132, 11011011, 8 * 11132 )
( 206, 11699, 10100111, 8 * 11699 )
( 207, 11657, 10101100, 8 * 11657 )
( 208, 12339, 01101010, 8 * 12339 )
( 209, 12476, 01010101, 8 * 12476 )
( 210, 12784, 01000010, 8 * 12784 )
( 211, 12469, 01010111, 8 * 12469 )
( 212, 12194, 01111011, 8 * 12194 )
( 213, 12184, 01111111, 8 * 12184 )
( 214, 11818, 10100000, 8 * 11818 )
( 215, 12134, 10000101, 8 * 12134 )
( 216, 13648, 00100111, 8 * 13648 )
( 217, 13458, 00101001, 8 * 13458 )
( 218, 13823, 00100000, 8 * 13823 )
( 219, 13736, 00100101, 8 * 13736 )
( 220, 11956, 10010101, 8 * 11956 )
( 221, 12387, 01100011, 8 * 12387 )
( 222, 12198, 01111010, 8 * 12198 )
( 223, 12377, 01100101, 8 * 12377 )
( 224, 11180, 11011001, 8 * 11180 )
( 225, 11659, 10101011, 8 * 11659 )
( 226, 11201, 11011000, 8 * 11201 )
( 227, 11653, 10101101, 8 * 11653 )
( 228, 12310, 01101111, 8 * 12310 )
( 229, 12084, 10001001, 8 * 12084 )
( 230, 11973, 10010100, 8 * 11973 )
( 231, 12392, 01100000, 8 * 12392 )
( 232, 11785, 10100011, 8 * 11785 )
( 233, 12074, 10001011, 8 * 12074 )
( 234, 12069, 10001101, 8 * 12069 )
( 235, 12340, 01101001, 8 * 12340 )
( 236, 11503, 11000000, 8 * 11503 )
( 237, 11831, 10011110, 8 * 11831 )
( 238, 11914, 10011001, 8 * 11914 )
( 239, 11982, 10010011, 8 * 11982 )
( 240, 12795, 00111110, 8 * 12795 )
( 241, 12487, 01010100, 8 * 12487 )
( 242, 12392, 01100001, 8 * 12392 )
( 243, 12038, 10001111, 8 * 12038 )
( 244, 12193, 01111101, 8 * 12193 )
( 245, 12225, 01110101, 8 * 12225 )
( 246, 12145, 10000100, 8 * 12145 )
( 247, 11696, 10101001, 8 * 11696 )
( 248, 11605, 10110111, 8 * 11605 )
( 249, 11401, 11001001, 8 * 11401 )
( 250, 11565, 10111100, 8 * 11565 )
( 251, 11023, 11100101, 8 * 11023 )
( 252, 10449, 11110011, 8 * 10449 )
( 253, 10271, 11110111, 8 * 10271 )
( 254, 10215, 11111010, 8 * 10215 )
( 255, 10254, 11111000, 8 * 10254 )

With total of 3145728 bytes

Green Huffman Tree

(Color, Frequency, Huffman Representation, Total Bits)

( 0, 11730, 11000011, 8 * 11730 )
( 1, 11818, 10111010, 8 * 11818 )
( 2, 11399, 11011100, 8 * 11399 )
( 3, 11162, 11110001, 8 * 11162 )
( 4, 11741, 11000010, 8 * 11741 )
( 5, 12130, 10010111, 8 * 12130 )
( 6, 11937, 10101110, 8 * 11937 )
( 7, 11856, 10110101, 8 * 11856 )
( 8, 10624, 11111111, 8 * 10624 )
( 9, 10696, 11111101, 8 * 10696 )
( 10, 11065, 11110110, 8 * 11065 )
( 11, 10639, 11111110, 8 * 10639 )
( 12, 11115, 11110010, 8 * 11115 )
( 13, 11455, 11011001, 8 * 11455 )
( 14, 11115, 11110011, 8 * 11115 )
( 15, 11310, 11101001, 8 * 11310 )
( 16, 12905, 00101111, 8 * 12905 )
( 17, 13112, 00010100, 8 * 13112 )
( 18, 12761, 01000100, 8 * 12761 )
( 19, 12972, 00100101, 8 * 12972 )
( 20, 12306, 10000100, 8 * 12306 )
( 21, 12698, 01010000, 8 * 12698 )
( 22, 12325, 10000010, 8 * 12325 )
( 23, 12411, 01110111, 8 * 12411 )
( 24, 12052, 10100010, 8 * 12052 )
( 25, 11787, 10111110, 8 * 11787 )
( 26, 11813, 10111011, 8 * 11813 )
( 27, 11691, 11001000, 8 * 11691 )
( 28, 11642, 11001101, 8 * 11642 )
( 29, 11681, 11001010, 8 * 11681 )
( 30, 11332, 11100100, 8 * 11332 )
( 31, 11564, 11010011, 8 * 11564 )
( 32, 12361, 01111011, 8 * 12361 )
( 33, 12628, 01011000, 8 * 12628 )
( 34, 12347, 01111110, 8 * 12347 )
( 35, 12869, 00110011, 8 * 12869 )
( 36, 13020, 00011110, 8 * 13020 )
( 37, 12816, 00111101, 8 * 12816 )
( 38, 12455, 01110010, 8 * 12455 )
( 39, 12430, 01110101, 8 * 12430 )
( 40, 12944, 00100111, 8 * 12944 )
( 41, 12696, 01010001, 8 * 12696 )
( 42, 12807, 00111111, 8 * 12807 )
( 43, 12702, 01001110, 8 * 12702 )
( 44, 13087, 00010111, 8 * 13087 )
( 45, 13562, 00001000, 8 * 13562 )
( 46, 12855, 00110101, 8 * 12855 )
( 47, 12741, 01000110, 8 * 12741 )
( 48, 11267, 11101011, 8 * 11267 )
( 49, 11208, 11101111, 8 * 11208 )
( 50, 11318, 11100111, 8 * 11318 )
( 51, 11042, 11111000, 8 * 11042 )
( 52, 11602, 11010000, 8 * 11602 )
( 53, 11900, 10110011, 8 * 11900 )
( 54, 11577, 11010001, 8 * 11577 )
( 55, 11741, 11000001, 8 * 11741 )
( 56, 11716, 11000110, 8 * 11716 )
( 57, 11327, 11100101, 8 * 11327 )
( 58, 11672, 11001011, 8 * 11672 )
( 59, 11789, 10111101, 8 * 11789 )
( 60, 12293, 10000110, 8 * 12293 )
( 61, 12010, 10100110, 8 * 12010 )
( 62, 11984, 10101001, 8 * 11984 )
( 63, 12197, 10010010, 8 * 12197 )
( 64, 12082, 10011111, 8 * 12082 )
( 65, 12242, 10001110, 8 * 12242 )
( 66, 12275, 10001010, 8 * 12275 )
( 67, 11830, 10110111, 8 * 11830 )
( 68, 11485, 11010111, 8 * 11485 )
( 69, 11806, 10111100, 8 * 11806 )
( 70, 11422, 11011011, 8 * 11422 )
( 71, 11515, 11010110, 8 * 11515 )
( 72, 12541, 01100010, 8 * 12541 )
( 73, 12509, 01100110, 8 * 12509 )
( 74, 12215, 10010000, 8 * 12215 )
( 75, 12017, 10100101, 8 * 12017 )
( 76, 11729, 11000100, 8 * 11729 )
( 77, 11782, 10111111, 8 * 11782 )
( 78, 12099, 10011100, 8 * 12099 )
( 79, 11576, 11010010, 8 * 11576 )
( 80, 12549, 01100000, 8 * 12549 )
( 81, 12459, 01110000, 8 * 12459 )
( 82, 12621, 01011001, 8 * 12621 )
( 83, 13071, 00011001, 8 * 13071 )
( 84, 12424, 01110110, 8 * 12424 )
( 85, 12278, 10001001, 8 * 12278 )
( 86, 12830, 00111000, 8 * 12830 )
( 87, 13162, 00010000, 8 * 13162 )
( 88, 12001, 10101000, 8 * 12001 )
( 89, 12078, 10100000, 8 * 12078 )
( 90, 11688, 11001001, 8 * 11688 )
( 91, 11970, 10101011, 8 * 11970 )
( 92, 11656, 11001100, 8 * 11656 )
( 93, 11449, 11011010, 8 * 11449 )
( 94, 11928, 10110000, 8 * 11928 )
( 95, 11392, 11011110, 8 * 11392 )
( 96, 11368, 11100000, 8 * 11368 )
( 97, 11383, 11011111, 8 * 11383 )
( 98, 11398, 11011101, 8 * 11398 )
( 99, 11520, 11010101, 8 * 11520 )
( 100, 11262, 11101100, 8 * 11262 )
( 101, 11348, 11100001, 8 * 11348 )
( 102, 11834, 10110110, 8 * 11834 )
( 103, 11743, 11000000, 8 * 11743 )
( 104, 12432, 01110100, 8 * 12432 )
( 105, 12273, 10001011, 8 * 12273 )
( 106, 12720, 01001010, 8 * 12720 )
( 107, 12543, 01100001, 8 * 12543 )
( 108, 12461, 01101101, 8 * 12461 )
( 109, 12359, 01111100, 8 * 12359 )
( 110, 13111, 00010101, 8 * 13111 )
( 111, 12677, 01010011, 8 * 12677 )
( 112, 11260, 11101101, 8 * 11260 )
( 113, 11346, 11100010, 8 * 11346 )
( 114, 11306, 11101010, 8 * 11306 )
( 115, 11322, 11100110, 8 * 11322 )
( 116, 11031, 11111001, 8 * 11031 )
( 117, 11183, 11110000, 8 * 11183 )
( 118, 11460, 11011000, 8 * 11460 )
( 119, 11315, 11101000, 8 * 11315 )
( 120, 11081, 11110101, 8 * 11081 )
( 121, 11102, 11110100, 8 * 11102 )
( 122, 11048, 11110111, 8 * 11048 )
( 123, 10894, 11111100, 8 * 10894 )
( 124, 11246, 11101110, 8 * 11246 )
( 125, 11338, 11100011, 8 * 11338 )
( 126, 10898, 11111011, 8 * 10898 )
( 127, 10946, 11111010, 8 * 10946 )
( 128, 12534, 01100011, 8 * 12534 )
( 129, 12460, 01101110, 8 * 12460 )
( 130, 12957, 00100110, 8 * 12957 )
( 131, 12982, 00100011, 8 * 12982 )
( 132, 12581, 01011110, 8 * 12581 )
( 133, 12724, 01001001, 8 * 12724 )
( 134, 13132, 00010010, 8 * 13132 )
( 135, 13110, 00010110, 8 * 13110 )
( 136, 11827, 10111000, 8 * 11827 )
( 137, 11693, 11000111, 8 * 11693 )
( 138, 12170, 10010100, 8 * 12170 )
( 139, 12202, 10010001, 8 * 12202 )
( 140, 12050, 10100011, 8 * 12050 )
( 141, 11642, 11001110, 8 * 11642 )
( 142, 12091, 10011101, 8 * 12091 )
( 143, 11978, 10101010, 8 * 11978 )
( 144, 12172, 10010011, 8 * 12172 )
( 145, 11929, 10101111, 8 * 11929 )
( 146, 11553, 11010100, 8 * 11553 )
( 147, 11875, 10110100, 8 * 11875 )
( 148, 12088, 10011110, 8 * 12088 )
( 149, 12007, 10100111, 8 * 12007 )
( 150, 12264, 10001100, 8 * 12264 )
( 151, 12439, 01110011, 8 * 12439 )
( 152, 12335, 10000001, 8 * 12335 )
( 153, 11913, 10110010, 8 * 11913 )
( 154, 11965, 10101100, 8 * 11965 )
( 155, 12521, 01100101, 8 * 12521 )
( 156, 12102, 10011011, 8 * 12102 )
( 157, 11723, 11000101, 8 * 11723 )
( 158, 11947, 10101101, 8 * 11947 )
( 159, 11826, 10111001, 8 * 11826 )
( 160, 12636, 01010110, 8 * 12636 )
( 161, 12612, 01011011, 8 * 12612 )
( 162, 12903, 00110000, 8 * 12903 )
( 163, 12712, 01001101, 8 * 12712 )
( 164, 12033, 10100100, 8 * 12033 )
( 165, 12147, 10010110, 8 * 12147 )
( 166, 12499, 01101001, 8 * 12499 )
( 167, 12343, 01111111, 8 * 12343 )
( 168, 12860, 00110100, 8 * 12860 )
( 169, 13055, 00011011, 8 * 13055 )
( 170, 12983, 00100010, 8 * 12983 )
( 171, 12915, 00101110, 8 * 12915 )
( 172, 12387, 01111010, 8 * 12387 )
( 173, 12390, 01111000, 8 * 12390 )
( 174, 12489, 01101011, 8 * 12489 )
( 175, 12643, 01010101, 8 * 12643 )
( 176, 12525, 01100100, 8 * 12525 )
( 177, 12110, 10011010, 8 * 12110 )
( 178, 12387, 01111001, 8 * 12387 )
( 179, 12457, 01110001, 8 * 12457 )
( 180, 13419, 00001010, 8 * 13419 )
( 181, 12941, 00101011, 8 * 12941 )
( 182, 12713, 01001100, 8 * 12713 )
( 183, 12764, 01000011, 8 * 12764 )
( 184, 12115, 10011001, 8 * 12115 )
( 185, 12239, 10001111, 8 * 12239 )
( 186, 12306, 10000101, 8 * 12306 )
( 187, 12120, 10011000, 8 * 12120 )
( 188, 12341, 10000000, 8 * 12341 )
( 189, 12058, 10100001, 8 * 12058 )
( 190, 11920, 10110001, 8 * 11920 )
( 191, 11634, 11001111, 8 * 11634 )
( 192, 12883, 00110010, 8 * 12883 )
( 193, 12682, 01010010, 8 * 12682 )
( 194, 12821, 00111100, 8 * 12821 )
( 195, 12943, 00101001, 8 * 12943 )
( 196, 12282, 10001000, 8 * 12282 )
( 197, 12169, 10010101, 8 * 12169 )
( 198, 12282, 10000111, 8 * 12282 )
( 199, 12620, 01011010, 8 * 12620 )
( 200, 13016, 00011111, 8 * 13016 )
( 201, 12808, 00111110, 8 * 12808 )
( 202, 12505, 01100111, 8 * 12505 )
( 203, 12490, 01101010, 8 * 12490 )
( 204, 12999, 00100001, 8 * 12999 )
( 205, 13077, 00011000, 8 * 13077 )
( 206, 13063, 00011010, 8 * 13063 )
( 207, 13318, 00001011, 8 * 13318 )
( 208, 12926, 00101100, 8 * 12926 )
( 209, 13004, 00100000, 8 * 13004 )
( 210, 13052, 00011100, 8 * 13052 )
( 211, 12736, 01000111, 8 * 12736 )
( 212, 12823, 00111011, 8 * 12823 )
( 213, 12322, 10000011, 8 * 12322 )
( 214, 12460, 01101111, 8 * 12460 )
( 215, 12244, 10001101, 8 * 12244 )
( 216, 12786, 01000001, 8 * 12786 )
( 217, 12607, 01011100, 8 * 12607 )
( 218, 12981, 00100100, 8 * 12981 )
( 219, 13116, 00010011, 8 * 13116 )
( 220, 12744, 01000101, 8 * 12744 )
( 221, 12800, 01000000, 8 * 12800 )
( 222, 12477, 01101100, 8 * 12477 )
( 223, 12781, 01000010, 8 * 12781 )
( 224, 12630, 01010111, 8 * 12630 )
( 225, 12561, 01011111, 8 * 12561 )
( 226, 12504, 01101000, 8 * 12504 )
( 227, 12714, 01001011, 8 * 12714 )
( 228, 13290, 00001100, 8 * 13290 )
( 229, 13542, 00001001, 8 * 13542 )
( 230, 13048, 00011101, 8 * 13048 )
( 231, 13157, 00010001, 8 * 13157 )
( 232, 12824, 00111010, 8 * 12824 )
( 233, 12359, 01111101, 8 * 12359 )
( 234, 12652, 01010100, 8 * 12652 )
( 235, 12592, 01011101, 8 * 12592 )
( 236, 12921, 00101101, 8 * 12921 )
( 237, 12944, 00101000, 8 * 12944 )
( 238, 12942, 00101010, 8 * 12942 )
( 239, 12702, 01001111, 8 * 12702 )
( 240, 13218, 00001101, 8 * 13218 )
( 241, 13193, 00001111, 8 * 13193 )
( 242, 12849, 00110110, 8 * 12849 )
( 243, 13195, 00001110, 8 * 13195 )
( 244, 12731, 01001000, 8 * 12731 )
( 245, 12887, 00110001, 8 * 12887 )
( 246, 12825, 00111001, 8 * 12825 )
( 247, 12830, 00110111, 8 * 12830 )
( 248, 13674, 00000110, 8 * 13674 )
( 249, 14226, 00000011, 8 * 14226 )
( 250, 14568, 00000000, 8 * 14568 )
( 251, 14009, 00000100, 8 * 14009 )
( 252, 14359, 00000010, 8 * 14359 )
( 253, 14363, 00000001, 8 * 14363 )
( 254, 13841, 00000101, 8 * 13841 )
( 255, 13617, 00000111, 8 * 13617 )

With total of 3145728 bytes

Blue Huffman Tree

(Color, Frequency, Huffman Representation, Total Bits)

( 0, 12868, 00101100, 8 * 12868 )
( 1, 12823, 00110100, 8 * 12823 )
( 2, 12400, 01011111, 8 * 12400 )
( 3, 12732, 00111101, 8 * 12732 )
( 4, 13181, 00010100, 8 * 13181 )
( 5, 13043, 00100010, 8 * 13043 )
( 6, 13045, 00100001, 8 * 13045 )
( 7, 13099, 00011011, 8 * 13099 )
( 8, 13505, 00001001, 8 * 13505 )
( 9, 13637, 00000110, 8 * 13637 )
( 10, 13581, 00000111, 8 * 13581 )
( 11, 13668, 00000101, 8 * 13668 )
( 12, 13322, 00001111, 8 * 13322 )
( 13, 13465, 00001010, 8 * 13465 )
( 14, 13375, 00001100, 8 * 13375 )
( 15, 13272, 00010000, 8 * 13272 )
( 16, 11644, 11011110, 8 * 11644 )
( 17, 11461, 11101110, 8 * 11461 )
( 18, 11581, 11100011, 8 * 11581 )
( 19, 11550, 11100101, 8 * 11550 )
( 20, 11973, 10110001, 8 * 11973 )
( 21, 12098, 10010111, 8 * 12098 )
( 22, 12093, 10011001, 8 * 12093 )
( 23, 11950, 10110101, 8 * 11950 )
( 24, 12140, 10001101, 8 * 12140 )
( 25, 11993, 10101111, 8 * 11993 )
( 26, 12136, 10010000, 8 * 12136 )
( 27, 12158, 10001000, 8 * 12158 )
( 28, 12254, 01110111, 8 * 12254 )
( 29, 12373, 01100011, 8 * 12373 )
( 30, 12826, 00110010, 8 * 12826 )
( 31, 12422, 01011101, 8 * 12422 )
( 32, 13183, 00010011, 8 * 13183 )
( 33, 13020, 00100101, 8 * 13020 )
( 34, 13128, 00010111, 8 * 13128 )
( 35, 12852, 00110000, 8 * 12852 )
( 36, 12624, 01001001, 8 * 12624 )
( 37, 12601, 01001100, 8 * 12601 )
( 38, 12912, 00101001, 8 * 12912 )
( 39, 13267, 00010001, 8 * 13267 )
( 40, 12305, 01110000, 8 * 12305 )
( 41, 12419, 01011110, 8 * 12419 )
( 42, 12561, 01010000, 8 * 12561 )
( 43, 12825, 00110011, 8 * 12825 )
( 44, 12189, 10000001, 8 * 12189 )
( 45, 12171, 10000100, 8 * 12171 )
( 46, 12368, 01100101, 8 * 12368 )
( 47, 12180, 10000010, 8 * 12180 )
( 48, 12747, 00111011, 8 * 12747 )
( 49, 12856, 00101111, 8 * 12856 )
( 50, 12865, 00101101, 8 * 12865 )
( 51, 12710, 00111111, 8 * 12710 )
( 52, 12518, 01010110, 8 * 12518 )
( 53, 12212, 01111101, 8 * 12212 )
( 54, 12526, 01010101, 8 * 12526 )
( 55, 12506, 01010111, 8 * 12506 )
( 56, 11714, 11010111, 8 * 11714 )
( 57, 11831, 11000101, 8 * 11831 )
( 58, 12129, 10010011, 8 * 12129 )
( 59, 11798, 11001011, 8 * 11798 )
( 60, 11880, 10111100, 8 * 11880 )
( 61, 12137, 10001111, 8 * 12137 )
( 62, 11926, 10110111, 8 * 11926 )
( 63, 12335, 01101100, 8 * 12335 )
( 64, 12157, 10001010, 8 * 12157 )
( 65, 12231, 01111010, 8 * 12231 )
( 66, 11778, 11001110, 8 * 11778 )
( 67, 11845, 11000011, 8 * 11845 )
( 68, 12769, 00111000, 8 * 12769 )
( 69, 12924, 00101000, 8 * 12924 )
( 70, 12758, 00111001, 8 * 12758 )
( 71, 12363, 01100110, 8 * 12363 )
( 72, 12697, 01000001, 8 * 12697 )
( 73, 12529, 01010100, 8 * 12529 )
( 74, 12699, 01000000, 8 * 12699 )
( 75, 12154, 10001011, 8 * 12154 )
( 76, 12280, 01110100, 8 * 12280 )
( 77, 12060, 10100010, 8 * 12060 )
( 78, 11882, 10111011, 8 * 11882 )
( 79, 11856, 11000000, 8 * 11856 )
( 80, 11760, 11010001, 8 * 11760 )
( 81, 12026, 10101000, 8 * 12026 )
( 82, 11824, 11000110, 8 * 11824 )
( 83, 12087, 10011100, 8 * 12087 )
( 84, 11669, 11011011, 8 * 11669 )
( 85, 11808, 11001000, 8 * 11808 )
( 86, 11854, 11000001, 8 * 11854 )
( 87, 12114, 10010101, 8 * 12114 )
( 88, 12651, 01001000, 8 * 12651 )
( 89, 13065, 00100000, 8 * 13065 )
( 90, 12448, 01011100, 8 * 12448 )
( 91, 12293, 01110001, 8 * 12293 )
( 92, 13105, 00011010, 8 * 13105 )
( 93, 12893, 00101011, 8 * 12893 )
( 94, 12540, 01010010, 8 * 12540 )
( 95, 12498, 01011001, 8 * 12498 )
( 96, 11853, 11000010, 8 * 11853 )
( 97, 11765, 11010000, 8 * 11765 )
( 98, 11480, 11101010, 8 * 11480 )
( 99, 11532, 11100111, 8 * 11532 )
( 100, 11255, 11110101, 8 * 11255 )
( 101, 11258, 11110100, 8 * 11258 )
( 102, 11213, 11111000, 8 * 11213 )
( 103, 11296, 11110010, 8 * 11296 )
( 104, 11249, 11110111, 8 * 11249 )
( 105, 11052, 11111100, 8 * 11052 )
( 106, 11102, 11111001, 8 * 11102 )
( 107, 10947, 11111110, 8 * 10947 )
( 108, 11071, 11111011, 8 * 11071 )
( 109, 11080, 11111010, 8 * 11080 )
( 110, 10947, 11111101, 8 * 10947 )
( 111, 10600, 11111111, 8 * 10600 )
( 112, 12966, 00100110, 8 * 12966 )
( 113, 12894, 00101010, 8 * 12894 )
( 114, 12814, 00110110, 8 * 12814 )
( 115, 12742, 00111100, 8 * 12742 )
( 116, 13068, 00011111, 8 * 13068 )
( 117, 12837, 00110001, 8 * 12837 )
( 118, 13037, 00100100, 8 * 13037 )
( 119, 13092, 00011100, 8 * 13092 )
( 120, 11972, 10110010, 8 * 11972 )
( 121, 12214, 01111100, 8 * 12214 )
( 122, 11904, 10111001, 8 * 11904 )
( 123, 11710, 11011000, 8 * 11710 )
( 124, 12040, 10100111, 8 * 12040 )
( 125, 12243, 01111001, 8 * 12243 )
( 126, 12482, 01011010, 8 * 12482 )
( 127, 12598, 01001110, 8 * 12598 )
( 128, 12002, 10101100, 8 * 12002 )
( 129, 12356, 01101000, 8 * 12356 )
( 130, 12340, 01101010, 8 * 12340 )
( 131, 12449, 01011011, 8 * 12449 )
( 132, 12165, 10000101, 8 * 12165 )
( 133, 12056, 10100100, 8 * 12056 )
( 134, 11915, 10111000, 8 * 11915 )
( 135, 12311, 01101111, 8 * 12311 )
( 136, 12154, 10001100, 8 * 12154 )
( 137, 12692, 01000100, 8 * 12692 )
( 138, 12624, 01001010, 8 * 12624 )
( 139, 12376, 01100010, 8 * 12376 )
( 140, 12010, 10101011, 8 * 12010 )
( 141, 11997, 10101110, 8 * 11997 )
( 142, 12283, 01110011, 8 * 12283 )
( 143, 12049, 10100110, 8 * 12049 )
( 144, 12963, 00100111, 8 * 12963 )
( 145, 13086, 00011101, 8 * 13086 )
( 146, 13362, 00001101, 8 * 13362 )
( 147, 13166, 00010110, 8 * 13166 )
( 148, 12818, 00110101, 8 * 12818 )
( 149, 13112, 00011000, 8 * 13112 )
( 150, 13211, 00010010, 8 * 13211 )
( 151, 13169, 00010101, 8 * 13169 )
( 152, 12099, 10010110, 8 * 12099 )
( 153, 11998, 10101101, 8 * 11998 )
( 154, 12161, 10000111, 8 * 12161 )
( 155, 12053, 10100101, 8 * 12053 )
( 156, 11573, 11100100, 8 * 11573 )
( 157, 11292, 11110011, 8 * 11292 )
( 158, 11470, 11101101, 8 * 11470 )
( 159, 11250, 11110110, 8 * 11250 )
( 160, 11795, 11001100, 8 * 11795 )
( 161, 11582, 11100010, 8 * 11582 )
( 162, 11862, 10111111, 8 * 11862 )
( 163, 11628, 11011111, 8 * 11628 )
( 164, 11593, 11100001, 8 * 11593 )
( 165, 11698, 11011001, 8 * 11698 )
( 166, 12207, 01111110, 8 * 12207 )
( 167, 12118, 10010100, 8 * 12118 )
( 168, 11500, 11101000, 8 * 11500 )
( 169, 11389, 11110001, 8 * 11389 )
( 170, 11822, 11000111, 8 * 11822 )
( 171, 11447, 11101111, 8 * 11447 )
( 172, 11836, 11000100, 8 * 11836 )
( 173, 11738, 11010011, 8 * 11738 )
( 174, 11500, 11101001, 8 * 11500 )
( 175, 11600, 11100000, 8 * 11600 )
( 176, 11548, 11100110, 8 * 11548 )
( 177, 11655, 11011101, 8 * 11655 )
( 178, 11471, 11101100, 8 * 11471 )
( 179, 11446, 11110000, 8 * 11446 )
( 180, 11746, 11010010, 8 * 11746 )
( 181, 11798, 11001010, 8 * 11798 )
( 182, 11731, 11010100, 8 * 11731 )
( 183, 11477, 11101011, 8 * 11477 )
( 184, 12090, 10011011, 8 * 12090 )
( 185, 12094, 10011000, 8 * 12094 )
( 186, 12023, 10101001, 8 * 12023 )
( 187, 12340, 01101011, 8 * 12340 )
( 188, 11956, 10110100, 8 * 11956 )
( 189, 11717, 11010110, 8 * 11717 )
( 190, 11724, 11010101, 8 * 11724 )
( 191, 11662, 11011100, 8 * 11662 )
( 192, 11877, 10111101, 8 * 11877 )
( 193, 12085, 10011110, 8 * 12085 )
( 194, 12215, 01111011, 8 * 12215 )
( 195, 12091, 10011010, 8 * 12091 )
( 196, 12058, 10100011, 8 * 12058 )
( 197, 12335, 01101101, 8 * 12335 )
( 198, 12263, 01110101, 8 * 12263 )
( 199, 12205, 01111111, 8 * 12205 )
( 200, 11786, 11001101, 8 * 11786 )
( 201, 11903, 10111010, 8 * 11903 )
( 202, 11984, 10110000, 8 * 11984 )
( 203, 12139, 10001110, 8 * 12139 )
( 204, 12070, 10100000, 8 * 12070 )
( 205, 12134, 10010001, 8 * 12134 )
( 206, 11876, 10111110, 8 * 11876 )
( 207, 12131, 10010010, 8 * 12131 )
( 208, 12357, 01100111, 8 * 12357 )
( 209, 12681, 01000101, 8 * 12681 )
( 210, 12070, 10011111, 8 * 12070 )
( 211, 12370, 01100100, 8 * 12370 )
( 212, 11805, 11001001, 8 * 11805 )
( 213, 11767, 11001111, 8 * 11767 )
( 214, 11966, 10110011, 8 * 11966 )
( 215, 12085, 10011101, 8 * 12085 )
( 216, 12602, 01001011, 8 * 12602 )
( 217, 12535, 01010011, 8 * 12535 )
( 218, 12344, 01101001, 8 * 12344 )
( 219, 12599, 01001101, 8 * 12599 )
( 220, 12382, 01100001, 8 * 12382 )
( 221, 12506, 01011000, 8 * 12506 )
( 222, 12390, 01100000, 8 * 12390 )
( 223, 12581, 01001111, 8 * 12581 )
( 224, 11933, 10110110, 8 * 11933 )
( 225, 12068, 10100001, 8 * 12068 )
( 226, 12162, 10000110, 8 * 12162 )
( 227, 12018, 10101010, 8 * 12018 )
( 228, 12255, 01110110, 8 * 12255 )
( 229, 12157, 10001001, 8 * 12157 )
( 230, 11697, 11011010, 8 * 11697 )
( 231, 12179, 10000011, 8 * 12179 )
( 232, 13717, 00000011, 8 * 13717 )
( 233, 13725, 00000010, 8 * 13725 )
( 234, 13108, 00011001, 8 * 13108 )
( 235, 13324, 00001110, 8 * 13324 )
( 236, 13848, 00000001, 8 * 13848 )
( 237, 13681, 00000100, 8 * 13681 )
( 238, 13453, 00001011, 8 * 13453 )
( 239, 13882, 00000000, 8 * 13882 )
( 240, 12668, 01000111, 8 * 12668 )
( 241, 12748, 00111010, 8 * 12748 )
( 242, 12677, 01000110, 8 * 12677 )
( 243, 12541, 01010001, 8 * 12541 )
( 244, 13509, 00001000, 8 * 13509 )
( 245, 13069, 00011110, 8 * 13069 )
( 246, 13042, 00100011, 8 * 13042 )
( 247, 12862, 00101110, 8 * 12862 )
( 248, 12197, 10000000, 8 * 12197 )
( 249, 12321, 01101110, 8 * 12321 )
( 250, 12290, 01110010, 8 * 12290 )
( 251, 12247, 01111000, 8 * 12247 )
( 252, 12790, 00110111, 8 * 12790 )
( 253, 12694, 01000011, 8 * 12694 )
( 254, 12695, 01000010, 8 * 12695 )
( 255, 12731, 00111110, 8 * 12731 )

With total of 3145728 bytes

Total memory after compression is 3145728 + 3145728 + 3145728 = 9437184 bytes
Compression ratio is 100%
------------------------- End of logs ----------------------------
